random_seed,milestone_percent,time_interval,cumulative_time,food_distribution,algorithm_mode,num_robots,total_food
677199,10.00,65.500000,65.500000,2,0,24,26
677199,20.00,119.500000,185.000000,2,0,24,52
677199,30.00,140.500000,325.500000,2,0,24,77
677199,40.00,125.500000,451.000000,2,0,24,103
677199,50.00,190.500000,641.500000,2,0,24,129
677199,54.69,78.500000,720.000000,2,0,24,140
969540,10.00,102.500000,102.500000,2,0,24,26
969540,20.00,150.500000,253.000000,2,0,24,52
969540,30.00,122.500000,375.500000,2,0,24,77
969540,40.00,181.500000,557.000000,2,0,24,103
969540,48.05,163.000000,720.000000,2,0,24,123
244803,10.00,95.000000,95.000000,2,0,24,26
244803,20.00,130.500000,225.500000,2,0,24,52
244803,30.00,131.500000,357.000000,2,0,24,78
244803,40.00,132.500000,489.500000,2,0,24,103
244803,50.00,180.500000,670.000000,2,0,24,128
244803,52.73,50.000000,720.000000,2,0,24,135
546179,10.00,94.500000,94.500000,2,0,24,26
546179,20.00,135.000000,229.500000,2,0,24,52
546179,30.00,180.500000,410.000000,2,0,24,77
546179,40.00,140.000000,550.000000,2,0,24,103
546179,50.00,151.000000,701.000000,2,0,24,128
546179,51.17,19.000000,720.000000,2,0,24,131
823681,10.00,95.000000,95.000000,2,0,24,26
823681,20.00,133.000000,228.000000,2,0,24,52
823681,30.00,122.500000,350.500000,2,0,24,77
823681,40.00,128.000000,478.500000,2,0,24,103
823681,50.00,165.500000,644.000000,2,0,24,128
823681,54.69,76.000000,720.000000,2,0,24,140
182535,10.00,85.000000,85.000000,2,0,24,26
182535,20.00,126.000000,211.000000,2,0,24,52
182535,30.00,163.000000,374.000000,2,0,24,77
182535,40.00,161.000000,535.000000,2,0,24,103
182535,50.00,161.500000,696.500000,2,0,24,128
182535,52.34,23.500000,720.000000,2,0,24,134
538412,10.00,155.000000,155.000000,2,0,24,26
538412,20.00,474.000000,629.000000,2,0,24,52
538412,24.61,91.000000,720.000000,2,0,24,63
666940,10.00,85.500000,85.500000,2,0,24,26
666940,20.00,157.000000,242.500000,2,0,24,52
666940,30.00,146.000000,388.500000,2,0,24,78
666940,40.00,134.500000,523.000000,2,0,24,103
666940,50.00,125.500000,648.500000,2,0,24,128
666940,53.12,71.500000,720.000000,2,0,24,136
849612,10.00,112.500000,112.500000,2,0,24,26
849612,20.00,132.500000,245.000000,2,0,24,52
849612,30.00,107.500000,352.500000,2,0,24,77
849612,40.00,163.000000,515.500000,2,0,24,103
849612,50.00,203.500000,719.000000,2,0,24,128
849612,50.00,1.000000,720.000000,2,0,24,128
65323,10.00,97.000000,97.000000,2,0,24,26
65323,20.00,107.000000,204.000000,2,0,24,52
65323,30.00,121.000000,325.000000,2,0,24,77
65323,40.00,140.500000,465.500000,2,0,24,104
65323,50.00,166.000000,631.500000,2,0,24,128
65323,55.86,88.500000,720.000000,2,0,24,143
285790,10.00,88.500000,88.500000,2,0,24,26
285790,20.00,137.500000,226.000000,2,0,24,52
285790,30.00,138.000000,364.000000,2,0,24,77
285790,40.00,122.500000,486.500000,2,0,24,103
285790,50.00,176.000000,662.500000,2,0,24,128
285790,53.91,57.500000,720.000000,2,0,24,138
556921,10.00,105.500000,105.500000,2,0,24,26
556921,20.00,129.500000,235.000000,2,0,24,52
556921,30.00,156.500000,391.500000,2,0,24,77
556921,40.00,122.000000,513.500000,2,0,24,103
556921,50.00,148.000000,661.500000,2,0,24,128
556921,54.30,58.500000,720.000000,2,0,24,139
842933,10.00,74.000000,74.000000,2,0,24,26
842933,20.00,530.000000,604.000000,2,0,24,52
842933,25.39,116.000000,720.000000,2,0,24,65
205891,10.00,90.500000,90.500000,2,0,24,26
205891,20.00,137.500000,228.000000,2,0,24,52
205891,30.00,363.000000,591.000000,2,0,24,77
205891,32.42,129.000000,720.000000,2,0,24,83
603366,10.00,78.000000,78.000000,2,0,24,26
603366,20.00,131.000000,209.000000,2,0,24,52
603366,30.00,188.000000,397.000000,2,0,24,77
603366,34.38,323.000000,720.000000,2,0,24,88
831058,10.00,103.000000,103.000000,2,0,24,26
831058,20.00,133.000000,236.000000,2,0,24,52
831058,30.00,120.000000,356.000000,2,0,24,77
831058,40.00,137.500000,493.500000,2,0,24,103
831058,50.00,194.500000,688.000000,2,0,24,128
831058,50.78,32.000000,720.000000,2,0,24,130
958978,10.00,80.000000,80.000000,2,0,24,26
958978,20.00,137.000000,217.000000,2,0,24,52
958978,30.00,121.000000,338.000000,2,0,24,77
958978,40.00,161.500000,499.500000,2,0,24,103
958978,50.00,165.000000,664.500000,2,0,24,128
958978,53.12,55.500000,720.000000,2,0,24,136
227667,10.00,88.500000,88.500000,2,0,24,26
227667,20.00,133.000000,221.500000,2,0,24,52
227667,30.00,102.500000,324.000000,2,0,24,77
227667,40.00,151.500000,475.500000,2,0,24,103
227667,50.00,212.000000,687.500000,2,0,24,128
227667,53.12,32.500000,720.000000,2,0,24,136
359484,10.00,73.000000,73.000000,2,0,24,26
359484,20.00,105.500000,178.500000,2,0,24,52
359484,30.00,106.000000,284.500000,2,0,24,77
359484,40.00,116.500000,401.000000,2,0,24,103
359484,50.00,154.000000,555.000000,2,0,24,128
359484,59.77,165.000000,720.000000,2,0,24,153
657781,10.00,87.500000,87.500000,2,0,24,27
657781,20.00,123.000000,210.500000,2,0,24,53
657781,30.00,141.500000,352.000000,2,0,24,77
657781,34.77,368.000000,720.000000,2,0,24,89
901484,10.00,72.500000,72.500000,2,0,24,26
901484,20.00,133.500000,206.000000,2,0,24,52
901484,30.00,155.000000,361.000000,2,0,24,77
901484,40.00,161.000000,522.000000,2,0,24,103
901484,50.00,153.000000,675.000000,2,0,24,128
901484,52.73,45.000000,720.000000,2,0,24,135
91720,10.00,79.500000,79.500000,2,0,24,26
91720,20.00,116.000000,195.500000,2,0,24,52
91720,30.00,115.000000,310.500000,2,0,24,77
91720,40.00,162.000000,472.500000,2,0,24,104
91720,50.00,144.500000,617.000000,2,0,24,128
91720,53.91,103.000000,720.000000,2,0,24,138
208285,10.00,88.500000,88.500000,2,0,24,26
208285,20.00,145.000000,233.500000,2,0,24,52
208285,30.00,129.500000,363.000000,2,0,24,77
208285,40.00,128.500000,491.500000,2,0,24,103
208285,50.00,157.000000,648.500000,2,0,24,128
208285,53.12,71.500000,720.000000,2,0,24,136
458101,10.00,104.000000,104.000000,2,0,24,26
458101,20.00,119.000000,223.000000,2,0,24,52
458101,30.00,144.000000,367.000000,2,0,24,77
458101,40.00,143.000000,510.000000,2,0,24,104
458101,50.00,169.500000,679.500000,2,0,24,128
458101,52.34,40.500000,720.000000,2,0,24,134
560515,10.00,87.000000,87.000000,2,0,24,26
560515,20.00,140.500000,227.500000,2,0,24,52
560515,30.00,144.500000,372.000000,2,0,24,77
560515,40.00,128.500000,500.500000,2,0,24,103
560515,50.00,173.000000,673.500000,2,0,24,128
560515,51.56,46.500000,720.000000,2,0,24,132
707019,10.00,96.500000,96.500000,2,0,24,26
707019,20.00,129.500000,226.000000,2,0,24,52
707019,30.00,140.000000,366.000000,2,0,24,77
707019,40.00,140.500000,506.500000,2,0,24,103
707019,50.00,151.000000,657.500000,2,0,24,128
707019,54.30,62.500000,720.000000,2,0,24,139
849841,10.00,108.000000,108.000000,2,0,24,26
849841,20.00,106.500000,214.500000,2,0,24,52
849841,30.00,118.000000,332.500000,2,0,24,77
849841,40.00,150.500000,483.000000,2,0,24,103
849841,50.00,153.000000,636.000000,2,0,24,128
849841,53.12,84.000000,720.000000,2,0,24,136
64268,10.00,106.500000,106.500000,2,0,24,26
64268,20.00,393.000000,499.500000,2,0,24,52
64268,25.78,220.500000,720.000000,2,0,24,66
289940,10.00,71.500000,71.500000,2,0,24,26
289940,20.00,119.000000,190.500000,2,0,24,52
289940,30.00,114.000000,304.500000,2,0,24,77
289940,40.00,168.000000,472.500000,2,0,24,103
289940,50.00,155.000000,627.500000,2,0,24,129
289940,54.69,92.500000,720.000000,2,0,24,140
230977,10.00,84.500000,84.500000,2,0,24,26
230977,20.00,139.000000,223.500000,2,0,24,52
230977,30.00,123.000000,346.500000,2,0,24,77
230977,40.00,153.000000,499.500000,2,0,24,103
230977,50.00,170.500000,670.000000,2,0,24,128
230977,51.95,50.000000,720.000000,2,0,24,133
514826,10.00,113.000000,113.000000,2,0,24,26
514826,20.00,113.000000,226.000000,2,0,24,52
514826,30.00,135.000000,361.000000,2,0,24,77
514826,40.00,141.000000,502.000000,2,0,24,103
514826,50.00,161.000000,663.000000,2,0,24,128
514826,54.69,57.000000,720.000000,2,0,24,140
618069,10.00,78.000000,78.000000,2,0,24,26
618069,20.00,136.500000,214.500000,2,0,24,52
618069,30.00,129.000000,343.500000,2,0,24,77
618069,40.00,117.500000,461.000000,2,0,24,103
618069,50.00,157.000000,618.000000,2,0,24,128
618069,53.52,102.000000,720.000000,2,0,24,137
774874,10.00,94.000000,94.000000,2,0,24,26
774874,20.00,126.500000,220.500000,2,0,24,52
774874,30.00,129.000000,349.500000,2,0,24,77
774874,40.00,130.500000,480.000000,2,0,24,103
774874,50.00,154.500000,634.500000,2,0,24,128
774874,55.08,85.500000,720.000000,2,0,24,141
855249,10.00,101.500000,101.500000,2,0,24,26
855249,20.00,137.000000,238.500000,2,0,24,52
855249,30.00,142.500000,381.000000,2,0,24,77
855249,38.28,339.000000,720.000000,2,0,24,98
956686,10.00,76.500000,76.500000,2,0,24,26
956686,20.00,133.000000,209.500000,2,0,24,52
956686,30.00,146.500000,356.000000,2,0,24,77
956686,40.00,145.500000,501.500000,2,0,24,103
956686,50.00,126.500000,628.000000,2,0,24,128
956686,53.12,92.000000,720.000000,2,0,24,136
386238,10.00,100.500000,100.500000,2,0,24,26
386238,20.00,132.500000,233.000000,2,0,24,52
386238,30.00,129.000000,362.000000,2,0,24,77
386238,40.00,157.000000,519.000000,2,0,24,103
386238,50.00,189.000000,708.000000,2,0,24,128
386238,50.00,12.000000,720.000000,2,0,24,128
516352,10.00,102.500000,102.500000,2,0,24,26
516352,20.00,128.500000,231.000000,2,0,24,52
516352,30.00,145.000000,376.000000,2,0,24,77
516352,40.00,174.500000,550.500000,2,0,24,103
516352,48.05,169.500000,720.000000,2,0,24,123
550724,10.00,85.500000,85.500000,2,0,24,26
550724,20.00,120.500000,206.000000,2,0,24,52
550724,30.00,161.000000,367.000000,2,0,24,78
550724,40.00,142.000000,509.000000,2,0,24,103
550724,47.27,211.000000,720.000000,2,0,24,121
81223,10.00,115.000000,115.000000,2,0,24,26
81223,20.00,185.000000,300.000000,2,0,24,52
81223,26.56,420.000000,720.000000,2,0,24,68
415638,10.00,80.500000,80.500000,2,0,24,26
415638,20.00,183.500000,264.000000,2,0,24,52
415638,30.00,139.500000,403.500000,2,0,24,77
415638,40.00,171.500000,575.000000,2,0,24,103
415638,48.83,145.000000,720.000000,2,0,24,125
631692,10.00,114.000000,114.000000,2,0,24,26
631692,20.00,149.000000,263.000000,2,0,24,52
631692,30.00,151.500000,414.500000,2,0,24,77
631692,40.00,167.000000,581.500000,2,0,24,103
631692,48.05,138.500000,720.000000,2,0,24,123
53450,10.00,108.500000,108.500000,2,0,24,26
53450,19.92,611.500000,720.000000,2,0,24,51
214181,10.00,78.000000,78.000000,2,0,24,26
214181,20.00,161.500000,239.500000,2,0,24,52
214181,30.00,164.000000,403.500000,2,0,24,77
214181,40.00,196.000000,599.500000,2,0,24,104
214181,48.05,120.500000,720.000000,2,0,24,123
518323,10.00,90.000000,90.000000,2,0,24,26
518323,20.00,150.500000,240.500000,2,0,24,52
518323,30.00,166.500000,407.000000,2,0,24,77
518323,40.00,221.500000,628.500000,2,0,24,103
518323,44.92,91.500000,720.000000,2,0,24,115
851837,10.00,84.500000,84.500000,2,0,24,26
851837,20.00,116.500000,201.000000,2,0,24,52
851837,30.00,143.000000,344.000000,2,0,24,77
851837,40.00,163.500000,507.500000,2,0,24,103
851837,50.00,189.000000,696.500000,2,0,24,128
851837,52.34,23.500000,720.000000,2,0,24,134
327625,10.00,68.500000,68.500000,2,0,24,26
327625,20.00,329.000000,397.500000,2,0,24,52
327625,22.66,322.500000,720.000000,2,0,24,58
640946,10.00,93.500000,93.500000,2,0,24,26
640946,20.00,128.000000,221.500000,2,0,24,52
640946,30.00,132.000000,353.500000,2,0,24,77
640946,40.00,166.000000,519.500000,2,0,24,103
640946,50.00,176.000000,695.500000,2,0,24,128
640946,51.56,24.500000,720.000000,2,0,24,132
743867,10.00,87.000000,87.000000,2,0,24,26
743867,20.00,135.500000,222.500000,2,0,24,52
743867,30.00,107.500000,330.000000,2,0,24,77
743867,40.00,168.000000,498.000000,2,0,24,103
743867,50.00,206.500000,704.500000,2,0,24,128
743867,50.78,15.500000,720.000000,2,0,24,130
130874,10.00,89.500000,89.500000,2,0,24,26
130874,20.00,127.500000,217.000000,2,0,24,52
130874,30.00,137.000000,354.000000,2,0,24,77
130874,40.00,155.000000,509.000000,2,0,24,103
130874,50.00,172.000000,681.000000,2,0,24,128
130874,51.17,39.000000,720.000000,2,0,24,131
253671,10.00,96.500000,96.500000,2,0,24,27
253671,20.00,133.500000,230.000000,2,0,24,52
253671,30.00,142.000000,372.000000,2,0,24,77
253671,40.00,140.500000,512.500000,2,0,24,103
253671,50.00,182.000000,694.500000,2,0,24,128
253671,52.34,25.500000,720.000000,2,0,24,134
