random_seed,milestone_percent,time_interval,cumulative_time,food_distribution,algorithm_mode,num_robots,total_food
760656,10.00,77.000000,77.000000,0,0,24,26
760656,20.00,86.500000,163.500000,0,0,24,52
760656,30.00,105.000000,268.500000,0,0,24,77
760656,40.00,104.000000,372.500000,0,0,24,103
760656,50.00,71.500000,444.000000,0,0,24,128
760656,60.00,128.000000,572.000000,0,0,24,154
760656,70.00,131.500000,703.500000,0,0,24,180
760656,71.88,16.500000,720.000000,0,0,24,184
106298,10.00,46.000000,46.000000,0,0,24,26
106298,20.00,113.000000,159.000000,0,0,24,52
106298,30.00,69.000000,228.000000,0,0,24,77
106298,40.00,104.000000,332.000000,0,0,24,103
106298,50.00,108.000000,440.000000,0,0,24,128
106298,60.00,110.000000,550.000000,0,0,24,154
106298,70.00,118.500000,668.500000,0,0,24,180
106298,72.66,51.500000,720.000000,0,0,24,186
410446,10.00,47.000000,47.000000,0,0,24,26
410446,20.00,101.000000,148.000000,0,0,24,52
410446,30.00,104.500000,252.500000,0,0,24,77
410446,40.00,83.000000,335.500000,0,0,24,103
410446,50.00,103.000000,438.500000,0,0,24,128
410446,60.00,118.500000,557.000000,0,0,24,154
410446,70.00,126.000000,683.000000,0,0,24,180
410446,71.09,37.000000,720.000000,0,0,24,182
816570,10.00,36.000000,36.000000,0,0,24,26
816570,20.00,104.000000,140.000000,0,0,24,52
816570,30.00,82.000000,222.000000,0,0,24,77
816570,40.00,105.000000,327.000000,0,0,24,103
816570,50.00,90.500000,417.500000,0,0,24,128
816570,60.00,110.500000,528.000000,0,0,24,154
816570,70.00,107.500000,635.500000,0,0,24,180
816570,75.00,84.500000,720.000000,0,0,24,192
92217,10.00,44.000000,44.000000,0,0,24,26
92217,20.00,98.000000,142.000000,0,0,24,52
92217,30.00,91.000000,233.000000,0,0,24,77
92217,40.00,107.500000,340.500000,0,0,24,104
92217,50.00,99.500000,440.000000,0,0,24,128
92217,60.00,96.500000,536.500000,0,0,24,154
92217,70.00,138.000000,674.500000,0,0,24,180
92217,73.83,45.500000,720.000000,0,0,24,189
386954,10.00,61.000000,61.000000,0,0,24,26
386954,20.00,83.500000,144.500000,0,0,24,52
386954,30.00,64.500000,209.000000,0,0,24,77
386954,40.00,106.000000,315.000000,0,0,24,103
386954,50.00,98.000000,413.000000,0,0,24,128
386954,60.00,114.000000,527.000000,0,0,24,154
386954,70.00,110.000000,637.000000,0,0,24,180
386954,76.56,83.000000,720.000000,0,0,24,196
708956,10.00,52.000000,52.000000,0,0,24,26
708956,20.00,98.500000,150.500000,0,0,24,52
708956,30.00,78.500000,229.000000,0,0,24,77
708956,40.00,92.500000,321.500000,0,0,24,103
708956,50.00,112.000000,433.500000,0,0,24,128
708956,60.00,120.500000,554.000000,0,0,24,154
708956,70.00,115.000000,669.000000,0,0,24,180
708956,73.44,51.000000,720.000000,0,0,24,188
983083,10.00,47.500000,47.500000,0,0,24,26
983083,20.00,105.500000,153.000000,0,0,24,52
983083,30.00,83.000000,236.000000,0,0,24,77
983083,40.00,72.500000,308.500000,0,0,24,103
983083,50.00,96.000000,404.500000,0,0,24,128
983083,60.00,129.500000,534.000000,0,0,24,154
983083,70.00,135.000000,669.000000,0,0,24,181
983083,75.39,51.000000,720.000000,0,0,24,193
394749,10.00,52.000000,52.000000,0,0,24,26
394749,20.00,98.500000,150.500000,0,0,24,52
394749,30.00,79.000000,229.500000,0,0,24,77
394749,40.00,104.500000,334.000000,0,0,24,103
394749,50.00,94.000000,428.000000,0,0,24,128
394749,60.00,119.000000,547.000000,0,0,24,154
394749,70.00,119.000000,666.000000,0,0,24,180
394749,73.05,54.000000,720.000000,0,0,24,187
718463,10.00,45.000000,45.000000,0,0,24,26
718463,20.00,95.000000,140.000000,0,0,24,52
718463,30.00,74.000000,214.000000,0,0,24,77
718463,40.00,101.500000,315.500000,0,0,24,103
718463,50.00,107.000000,422.500000,0,0,24,128
718463,60.00,125.500000,548.000000,0,0,24,154
718463,70.00,118.000000,666.000000,0,0,24,180
718463,73.44,54.000000,720.000000,0,0,24,188
63573,10.00,51.500000,51.500000,0,0,24,26
63573,20.00,86.500000,138.000000,0,0,24,52
63573,30.00,83.500000,221.500000,0,0,24,78
63573,40.00,103.500000,325.000000,0,0,24,103
63573,50.00,115.000000,440.000000,0,0,24,128
63573,60.00,115.000000,555.000000,0,0,24,154
63573,69.92,165.000000,720.000000,0,0,24,179
523835,10.00,46.500000,46.500000,0,0,24,26
523835,20.00,108.500000,155.000000,0,0,24,52
523835,30.00,89.000000,244.000000,0,0,24,77
523835,40.00,105.000000,349.000000,0,0,24,103
523835,50.00,69.500000,418.500000,0,0,24,128
523835,60.00,135.500000,554.000000,0,0,24,154
523835,70.00,123.000000,677.000000,0,0,24,180
523835,73.83,43.000000,720.000000,0,0,24,189
978661,10.00,39.500000,39.500000,0,0,24,26
978661,20.00,97.500000,137.000000,0,0,24,52
978661,30.00,82.000000,219.000000,0,0,24,77
978661,40.00,86.000000,305.000000,0,0,24,103
978661,50.00,95.000000,400.000000,0,0,24,128
978661,60.00,105.000000,505.000000,0,0,24,154
978661,65.62,215.000000,720.000000,0,0,24,168
315428,10.00,50.000000,50.000000,0,0,24,26
315428,20.00,84.500000,134.500000,0,0,24,52
315428,30.00,73.500000,208.000000,0,0,24,77
315428,40.00,110.500000,318.500000,0,0,24,103
315428,50.00,88.500000,407.000000,0,0,24,128
315428,60.00,97.500000,504.500000,0,0,24,154
315428,70.00,154.500000,659.000000,0,0,24,180
315428,75.39,61.000000,720.000000,0,0,24,193
611620,10.00,52.500000,52.500000,0,0,24,27
611620,20.00,75.000000,127.500000,0,0,24,52
611620,30.00,83.500000,211.000000,0,0,24,77
611620,40.00,100.000000,311.000000,0,0,24,103
611620,50.00,112.500000,423.500000,0,0,24,128
611620,60.00,116.000000,539.500000,0,0,24,154
611620,70.00,106.500000,646.000000,0,0,24,180
611620,74.22,74.000000,720.000000,0,0,24,190
902023,10.00,56.500000,56.500000,0,0,24,26
902023,20.00,78.500000,135.000000,0,0,24,52
902023,30.00,111.500000,246.500000,0,0,24,77
902023,40.00,90.000000,336.500000,0,0,24,103
902023,50.00,103.000000,439.500000,0,0,24,128
902023,60.00,107.500000,547.000000,0,0,24,154
902023,70.00,132.000000,679.000000,0,0,24,180
902023,73.83,41.000000,720.000000,0,0,24,189
171201,10.00,49.000000,49.000000,0,0,24,26
171201,20.00,93.000000,142.000000,0,0,24,52
171201,30.00,86.000000,228.000000,0,0,24,77
171201,40.00,90.500000,318.500000,0,0,24,103
171201,50.00,90.500000,409.000000,0,0,24,128
171201,60.00,115.000000,524.000000,0,0,24,154
171201,70.00,131.500000,655.500000,0,0,24,180
171201,73.83,64.500000,720.000000,0,0,24,189
518743,10.00,41.000000,41.000000,0,0,24,26
518743,20.00,100.000000,141.000000,0,0,24,52
518743,30.00,82.000000,223.000000,0,0,24,77
518743,40.00,87.000000,310.000000,0,0,24,103
518743,50.00,83.500000,393.500000,0,0,24,128
518743,60.00,145.500000,539.000000,0,0,24,154
518743,70.00,131.000000,670.000000,0,0,24,180
518743,74.61,50.000000,720.000000,0,0,24,191
659647,10.00,57.000000,57.000000,0,0,24,26
659647,20.00,74.500000,131.500000,0,0,24,52
659647,30.00,87.000000,218.500000,0,0,24,77
659647,40.00,101.000000,319.500000,0,0,24,103
659647,50.00,110.000000,429.500000,0,0,24,128
659647,60.00,106.000000,535.500000,0,0,24,154
659647,70.00,135.000000,670.500000,0,0,24,180
659647,73.44,49.500000,720.000000,0,0,24,188
670022,10.00,46.500000,46.500000,0,0,24,26
670022,20.00,98.500000,145.000000,0,0,24,52
670022,30.00,82.000000,227.000000,0,0,24,77
670022,40.00,82.500000,309.500000,0,0,24,103
670022,50.00,90.500000,400.000000,0,0,24,128
670022,60.00,115.500000,515.500000,0,0,24,154
670022,70.00,122.000000,637.500000,0,0,24,180
670022,74.61,82.500000,720.000000,0,0,24,191
870956,10.00,45.000000,45.000000,0,0,24,26
870956,20.00,99.000000,144.000000,0,0,24,52
870956,30.00,87.500000,231.500000,0,0,24,77
870956,40.00,102.500000,334.000000,0,0,24,103
870956,50.00,103.500000,437.500000,0,0,24,128
870956,60.00,112.500000,550.000000,0,0,24,154
870956,70.00,110.000000,660.000000,0,0,24,180
870956,73.05,60.000000,720.000000,0,0,24,187
104719,10.00,43.500000,43.500000,0,0,24,26
104719,20.00,86.500000,130.000000,0,0,24,52
104719,30.00,94.000000,224.000000,0,0,24,77
104719,40.00,92.000000,316.000000,0,0,24,103
104719,50.00,109.000000,425.000000,0,0,24,128
104719,60.00,106.500000,531.500000,0,0,24,154
104719,70.00,127.000000,658.500000,0,0,24,180
104719,74.61,61.500000,720.000000,0,0,24,191
444572,10.00,47.000000,47.000000,0,0,24,26
444572,20.00,93.000000,140.000000,0,0,24,53
444572,30.00,76.500000,216.500000,0,0,24,77
444572,40.00,106.000000,322.500000,0,0,24,103
444572,50.00,102.000000,424.500000,0,0,24,128
444572,60.00,120.000000,544.500000,0,0,24,154
444572,70.00,126.500000,671.000000,0,0,24,180
444572,72.66,49.000000,720.000000,0,0,24,186
723071,10.00,43.500000,43.500000,0,0,24,26
723071,20.00,82.500000,126.000000,0,0,24,52
723071,30.00,75.000000,201.000000,0,0,24,77
723071,40.00,96.500000,297.500000,0,0,24,103
723071,50.00,96.500000,394.000000,0,0,24,128
723071,60.00,123.500000,517.500000,0,0,24,154
723071,70.00,141.000000,658.500000,0,0,24,180
723071,75.39,61.500000,720.000000,0,0,24,193
16114,10.00,42.000000,42.000000,0,0,24,26
16114,20.00,84.500000,126.500000,0,0,24,52
16114,30.00,81.000000,207.500000,0,0,24,77
16114,40.00,97.000000,304.500000,0,0,24,103
16114,50.00,85.500000,390.000000,0,0,24,128
16114,60.00,100.000000,490.000000,0,0,24,154
16114,70.00,107.500000,597.500000,0,0,24,180
16114,79.30,122.500000,720.000000,0,0,24,203
90986,10.00,58.500000,58.500000,0,0,24,26
90986,20.00,89.500000,148.000000,0,0,24,52
90986,30.00,76.500000,224.500000,0,0,24,77
90986,40.00,103.000000,327.500000,0,0,24,103
90986,50.00,107.500000,435.000000,0,0,24,128
90986,60.00,106.500000,541.500000,0,0,24,154
90986,70.00,142.000000,683.500000,0,0,24,180
90986,71.48,36.500000,720.000000,0,0,24,183
369450,10.00,50.000000,50.000000,0,0,24,26
369450,20.00,106.500000,156.500000,0,0,24,52
369450,30.00,89.500000,246.000000,0,0,24,77
369450,40.00,86.500000,332.500000,0,0,24,103
369450,50.00,108.000000,440.500000,0,0,24,129
369450,60.00,127.000000,567.500000,0,0,24,154
369450,70.00,122.000000,689.500000,0,0,24,180
369450,71.48,30.500000,720.000000,0,0,24,183
783458,10.00,49.000000,49.000000,0,0,24,26
783458,20.00,96.500000,145.500000,0,0,24,52
783458,30.00,77.500000,223.000000,0,0,24,77
783458,40.00,100.000000,323.000000,0,0,24,103
783458,50.00,99.500000,422.500000,0,0,24,128
783458,60.00,108.500000,531.000000,0,0,24,155
783458,70.00,120.500000,651.500000,0,0,24,180
783458,75.39,68.500000,720.000000,0,0,24,193
21494,10.00,52.000000,52.000000,0,0,24,26
21494,20.00,91.000000,143.000000,0,0,24,52
21494,30.00,72.500000,215.500000,0,0,24,77
21494,40.00,93.000000,308.500000,0,0,24,103
21494,50.00,101.500000,410.000000,0,0,24,128
21494,60.00,92.000000,502.000000,0,0,24,154
21494,70.00,123.000000,625.000000,0,0,24,180
21494,77.73,95.000000,720.000000,0,0,24,199
471134,10.00,67.000000,67.000000,0,0,24,27
471134,20.00,110.500000,177.500000,0,0,24,52
471134,30.00,99.000000,276.500000,0,0,24,77
471134,40.00,93.000000,369.500000,0,0,24,103
471134,50.00,92.000000,461.500000,0,0,24,128
471134,60.00,119.000000,580.500000,0,0,24,154
471134,70.00,119.500000,700.000000,0,0,24,180
471134,71.88,20.000000,720.000000,0,0,24,184
840892,10.00,59.000000,59.000000,0,0,24,27
840892,20.00,73.500000,132.500000,0,0,24,52
840892,30.00,83.000000,215.500000,0,0,24,77
840892,40.00,107.000000,322.500000,0,0,24,103
840892,50.00,105.000000,427.500000,0,0,24,128
840892,60.00,118.000000,545.500000,0,0,24,154
840892,70.00,106.000000,651.500000,0,0,24,180
840892,75.39,68.500000,720.000000,0,0,24,193
50323,10.00,47.500000,47.500000,0,0,24,26
50323,20.00,85.500000,133.000000,0,0,24,52
50323,30.00,99.500000,232.500000,0,0,24,77
50323,40.00,87.500000,320.000000,0,0,24,103
50323,50.00,102.500000,422.500000,0,0,24,128
50323,60.00,112.000000,534.500000,0,0,24,154
50323,70.00,109.500000,644.000000,0,0,24,180
50323,75.78,76.000000,720.000000,0,0,24,194
426119,10.00,49.000000,49.000000,0,0,24,26
426119,20.00,90.500000,139.500000,0,0,24,52
426119,30.00,92.000000,231.500000,0,0,24,77
426119,40.00,114.500000,346.000000,0,0,24,103
426119,50.00,107.000000,453.000000,0,0,24,129
426119,60.00,103.500000,556.500000,0,0,24,154
426119,70.00,117.000000,673.500000,0,0,24,180
426119,73.44,46.500000,720.000000,0,0,24,188
747221,10.00,41.500000,41.500000,0,0,24,26
747221,20.00,108.000000,149.500000,0,0,24,52
747221,30.00,92.500000,242.000000,0,0,24,77
747221,40.00,88.000000,330.000000,0,0,24,103
747221,50.00,103.000000,433.000000,0,0,24,128
747221,60.00,112.500000,545.500000,0,0,24,155
747221,70.00,120.500000,666.000000,0,0,24,180
747221,75.39,54.000000,720.000000,0,0,24,193
978696,10.00,51.000000,51.000000,0,0,24,26
978696,20.00,90.000000,141.000000,0,0,24,52
978696,30.00,100.500000,241.500000,0,0,24,77
978696,40.00,107.000000,348.500000,0,0,24,103
978696,50.00,98.500000,447.000000,0,0,24,128
978696,60.00,128.500000,575.500000,0,0,24,154
978696,70.00,122.500000,698.000000,0,0,24,180
978696,70.70,22.000000,720.000000,0,0,24,181
157455,10.00,57.500000,57.500000,0,0,24,26
157455,20.00,94.500000,152.000000,0,0,24,52
157455,30.00,89.500000,241.500000,0,0,24,77
157455,40.00,107.000000,348.500000,0,0,24,103
157455,50.00,98.000000,446.500000,0,0,24,128
157455,60.00,106.000000,552.500000,0,0,24,154
157455,70.00,126.000000,678.500000,0,0,24,180
157455,71.88,41.500000,720.000000,0,0,24,184
306143,10.00,55.000000,55.000000,0,0,24,26
306143,20.00,88.000000,143.000000,0,0,24,52
306143,30.00,93.500000,236.500000,0,0,24,78
306143,40.00,78.000000,314.500000,0,0,24,103
306143,50.00,116.000000,430.500000,0,0,24,128
306143,60.00,127.000000,557.500000,0,0,24,154
306143,70.00,134.500000,692.000000,0,0,24,180
306143,72.66,28.000000,720.000000,0,0,24,186
921735,10.00,43.500000,43.500000,0,0,24,26
921735,20.00,85.500000,129.000000,0,0,24,52
921735,30.00,111.500000,240.500000,0,0,24,77
921735,40.00,106.500000,347.000000,0,0,24,103
921735,50.00,104.000000,451.000000,0,0,24,128
921735,60.00,119.500000,570.500000,0,0,24,154
921735,70.00,124.000000,694.500000,0,0,24,180
921735,72.27,25.500000,720.000000,0,0,24,185
218765,10.00,66.000000,66.000000,0,0,24,27
218765,20.00,102.000000,168.000000,0,0,24,52
218765,30.00,90.500000,258.500000,0,0,24,77
218765,40.00,87.500000,346.000000,0,0,24,103
218765,50.00,132.500000,478.500000,0,0,24,128
218765,60.00,111.000000,589.500000,0,0,24,154
218765,69.53,130.500000,720.000000,0,0,24,178
702546,10.00,40.000000,40.000000,0,0,24,26
702546,20.00,98.000000,138.000000,0,0,24,52
702546,30.00,77.500000,215.500000,0,0,24,77
702546,40.00,109.500000,325.000000,0,0,24,103
702546,50.00,89.000000,414.000000,0,0,24,128
702546,60.00,116.000000,530.000000,0,0,24,154
702546,70.00,126.000000,656.000000,0,0,24,180
702546,74.22,64.000000,720.000000,0,0,24,190
84141,10.00,49.000000,49.000000,0,0,24,26
84141,20.00,89.500000,138.500000,0,0,24,52
84141,30.00,99.500000,238.000000,0,0,24,77
84141,40.00,108.500000,346.500000,0,0,24,103
84141,50.00,98.500000,445.000000,0,0,24,129
84141,60.00,122.500000,567.500000,0,0,24,154
84141,70.00,145.500000,713.000000,0,0,24,180
84141,70.70,7.000000,720.000000,0,0,24,181
316352,10.00,35.000000,35.000000,0,0,24,26
316352,20.00,111.500000,146.500000,0,0,24,52
316352,30.00,101.000000,247.500000,0,0,24,77
316352,40.00,81.500000,329.000000,0,0,24,103
316352,50.00,97.000000,426.000000,0,0,24,128
316352,60.00,117.000000,543.000000,0,0,24,154
316352,70.00,102.000000,645.000000,0,0,24,180
316352,75.00,75.000000,720.000000,0,0,24,192
602647,10.00,59.500000,59.500000,0,0,24,26
602647,20.00,80.500000,140.000000,0,0,24,52
602647,30.00,100.000000,240.000000,0,0,24,78
602647,40.00,87.000000,327.000000,0,0,24,104
602647,50.00,93.500000,420.500000,0,0,24,128
602647,60.00,115.000000,535.500000,0,0,24,154
602647,70.00,140.000000,675.500000,0,0,24,180
602647,72.66,44.500000,720.000000,0,0,24,186
875740,10.00,36.000000,36.000000,0,0,24,26
875740,20.00,93.500000,129.500000,0,0,24,52
875740,30.00,101.000000,230.500000,0,0,24,77
875740,40.00,95.500000,326.000000,0,0,24,103
875740,50.00,95.500000,421.500000,0,0,24,128
875740,60.00,112.500000,534.000000,0,0,24,154
875740,70.00,130.000000,664.000000,0,0,24,180
875740,73.83,56.000000,720.000000,0,0,24,189
258875,10.00,70.000000,70.000000,0,0,24,26
258875,20.00,73.500000,143.500000,0,0,24,52
258875,30.00,98.000000,241.500000,0,0,24,77
258875,40.00,91.000000,332.500000,0,0,24,103
258875,50.00,100.000000,432.500000,0,0,24,128
258875,60.00,115.500000,548.000000,0,0,24,154
258875,70.00,118.500000,666.500000,0,0,24,180
258875,74.22,53.500000,720.000000,0,0,24,190
634334,10.00,49.000000,49.000000,0,0,24,26
634334,20.00,112.500000,161.500000,0,0,24,52
634334,30.00,83.000000,244.500000,0,0,24,77
634334,40.00,72.500000,317.000000,0,0,24,103
634334,50.00,130.500000,447.500000,0,0,24,128
634334,60.00,106.000000,553.500000,0,0,24,154
634334,70.00,123.500000,677.000000,0,0,24,180
634334,73.05,43.000000,720.000000,0,0,24,187
12293,10.00,44.500000,44.500000,0,0,24,26
12293,20.00,94.000000,138.500000,0,0,24,52
12293,30.00,89.500000,228.000000,0,0,24,79
12293,40.00,86.000000,314.000000,0,0,24,103
12293,50.00,108.500000,422.500000,0,0,24,128
12293,60.00,106.000000,528.500000,0,0,24,154
12293,70.00,102.000000,630.500000,0,0,24,180
12293,77.34,89.500000,720.000000,0,0,24,198
352705,10.00,51.000000,51.000000,0,0,24,26
352705,20.00,97.500000,148.500000,0,0,24,52
352705,30.00,87.000000,235.500000,0,0,24,77
352705,40.00,102.500000,338.000000,0,0,24,103
352705,50.00,101.500000,439.500000,0,0,24,128
352705,60.00,94.000000,533.500000,0,0,24,154
352705,70.00,156.000000,689.500000,0,0,24,180
352705,72.27,30.500000,720.000000,0,0,24,185
800383,10.00,55.500000,55.500000,0,0,24,26
800383,20.00,93.500000,149.000000,0,0,24,52
800383,30.00,101.500000,250.500000,0,0,24,77
800383,40.00,123.000000,373.500000,0,0,24,103
800383,50.00,125.000000,498.500000,0,0,24,128
800383,60.00,108.000000,606.500000,0,0,24,154
800383,69.14,113.500000,720.000000,0,0,24,177
36578,10.00,49.000000,49.000000,0,0,24,26
36578,20.00,101.000000,150.000000,0,0,24,52
36578,30.00,99.500000,249.500000,0,0,24,77
36578,40.00,88.500000,338.000000,0,0,24,103
36578,50.00,83.000000,421.000000,0,0,24,128
36578,60.00,120.000000,541.000000,0,0,24,154
36578,70.00,96.500000,637.500000,0,0,24,180
36578,74.22,82.500000,720.000000,0,0,24,190
