random_seed,milestone_percent,time_interval,cumulative_time,food_distribution,algorithm_mode,num_robots,total_food
923654,10.00,83.500000,83.500000,0,0,24,26
923654,20.00,133.000000,216.500000,0,0,24,52
923654,30.00,112.500000,329.000000,0,0,24,77
923654,40.00,136.500000,465.500000,0,0,24,103
923654,50.00,135.000000,600.500000,0,0,24,128
923654,56.25,119.500000,720.000000,0,0,24,144
86989,10.00,59.500000,59.500000,0,0,24,26
86989,20.00,145.500000,205.000000,0,0,24,52
86989,30.00,133.000000,338.000000,0,0,24,77
86989,40.00,106.500000,444.500000,0,0,24,103
86989,50.00,166.500000,611.000000,0,0,24,128
86989,57.81,109.000000,720.000000,0,0,24,148
468335,10.00,75.500000,75.500000,0,0,24,26
468335,20.00,115.000000,190.500000,0,0,24,52
468335,30.00,132.500000,323.000000,0,0,24,77
468335,40.00,132.000000,455.000000,0,0,24,103
468335,50.00,163.500000,618.500000,0,0,24,128
468335,55.47,101.500000,720.000000,0,0,24,142
761522,10.00,78.000000,78.000000,0,0,24,26
761522,20.00,136.000000,214.000000,0,0,24,52
761522,30.00,110.500000,324.500000,0,0,24,77
761522,40.00,120.000000,444.500000,0,0,24,103
761522,50.00,137.500000,582.000000,0,0,24,128
761522,57.81,138.000000,720.000000,0,0,24,148
21217,10.00,105.500000,105.500000,0,0,24,27
21217,20.00,146.000000,251.500000,0,0,24,53
21217,30.00,127.500000,379.000000,0,0,24,77
21217,40.00,166.500000,545.500000,0,0,24,104
21217,50.00,150.500000,696.000000,0,0,24,128
21217,50.78,24.000000,720.000000,0,0,24,130
416689,10.00,112.000000,112.000000,0,0,24,26
416689,20.00,127.500000,239.500000,0,0,24,52
416689,30.00,123.000000,362.500000,0,0,24,77
416689,40.00,156.000000,518.500000,0,0,24,103
416689,50.00,134.500000,653.000000,0,0,24,128
416689,53.52,67.000000,720.000000,0,0,24,137
564976,10.00,71.000000,71.000000,0,0,24,26
564976,20.00,119.500000,190.500000,0,0,24,52
564976,30.00,130.500000,321.000000,0,0,24,77
564976,40.00,185.000000,506.000000,0,0,24,103
564976,50.00,130.500000,636.500000,0,0,24,128
564976,55.86,83.500000,720.000000,0,0,24,143
779732,10.00,68.000000,68.000000,0,0,24,26
779732,20.00,137.000000,205.000000,0,0,24,52
779732,30.00,119.500000,324.500000,0,0,24,77
779732,40.00,128.500000,453.000000,0,0,24,103
779732,50.00,144.000000,597.000000,0,0,24,128
779732,58.20,123.000000,720.000000,0,0,24,149
95500,10.00,87.000000,87.000000,0,0,24,26
95500,20.00,145.000000,232.000000,0,0,24,52
95500,30.00,139.500000,371.500000,0,0,24,77
95500,40.00,135.000000,506.500000,0,0,24,103
95500,50.00,166.500000,673.000000,0,0,24,128
95500,53.12,47.000000,720.000000,0,0,24,136
366179,10.00,88.500000,88.500000,0,0,24,26
366179,20.00,92.000000,180.500000,0,0,24,52
366179,30.00,117.500000,298.000000,0,0,24,77
366179,40.00,127.500000,425.500000,0,0,24,103
366179,50.00,152.000000,577.500000,0,0,24,128
366179,59.38,142.500000,720.000000,0,0,24,152
378758,10.00,79.000000,79.000000,0,0,24,26
378758,20.00,110.000000,189.000000,0,0,24,52
378758,30.00,137.000000,326.000000,0,0,24,77
378758,40.00,123.500000,449.500000,0,0,24,103
378758,50.00,142.000000,591.500000,0,0,24,128
378758,56.25,128.500000,720.000000,0,0,24,144
689707,10.00,72.500000,72.500000,0,0,24,27
689707,20.00,177.500000,250.000000,0,0,24,52
689707,30.00,161.500000,411.500000,0,0,24,77
689707,40.00,157.000000,568.500000,0,0,24,103
689707,49.61,151.500000,720.000000,0,0,24,127
66441,10.00,78.000000,78.000000,0,0,24,26
66441,20.00,136.000000,214.000000,0,0,24,52
66441,30.00,119.000000,333.000000,0,0,24,77
66441,40.00,142.500000,475.500000,0,0,24,103
66441,50.00,154.500000,630.000000,0,0,24,128
66441,56.64,90.000000,720.000000,0,0,24,145
316758,10.00,70.000000,70.000000,0,0,24,26
316758,20.00,148.500000,218.500000,0,0,24,52
316758,30.00,128.000000,346.500000,0,0,24,77
316758,40.00,120.500000,467.000000,0,0,24,103
316758,50.00,146.500000,613.500000,0,0,24,128
316758,57.81,106.500000,720.000000,0,0,24,148
523079,10.00,74.000000,74.000000,0,0,24,26
523079,20.00,118.500000,192.500000,0,0,24,52
523079,30.00,132.000000,324.500000,0,0,24,77
523079,40.00,134.000000,458.500000,0,0,24,103
523079,50.00,125.500000,584.000000,0,0,24,128
523079,59.77,136.000000,720.000000,0,0,24,153
788047,10.00,74.500000,74.500000,0,0,24,26
788047,20.00,174.500000,249.000000,0,0,24,52
788047,30.00,129.000000,378.000000,0,0,24,77
788047,40.00,146.000000,524.000000,0,0,24,103
788047,50.00,172.500000,696.500000,0,0,24,128
788047,51.17,23.500000,720.000000,0,0,24,131
777522,10.00,70.000000,70.000000,0,0,24,26
777522,20.00,113.000000,183.000000,0,0,24,52
777522,30.00,141.500000,324.500000,0,0,24,77
777522,40.00,114.500000,439.000000,0,0,24,103
777522,50.00,145.000000,584.000000,0,0,24,128
777522,59.77,136.000000,720.000000,0,0,24,153
973417,10.00,60.000000,60.000000,0,0,24,26
973417,20.00,133.500000,193.500000,0,0,24,52
973417,30.00,111.500000,305.000000,0,0,24,77
973417,40.00,170.000000,475.000000,0,0,24,103
973417,50.00,131.500000,606.500000,0,0,24,128
973417,57.81,113.500000,720.000000,0,0,24,148
117250,10.00,67.500000,67.500000,0,0,24,26
117250,20.00,139.000000,206.500000,0,0,24,52
117250,30.00,129.500000,336.000000,0,0,24,77
117250,40.00,133.500000,469.500000,0,0,24,103
117250,50.00,158.000000,627.500000,0,0,24,128
117250,57.03,92.500000,720.000000,0,0,24,146
420419,10.00,68.500000,68.500000,0,0,24,26
420419,20.00,136.000000,204.500000,0,0,24,52
420419,30.00,120.500000,325.000000,0,0,24,77
420419,40.00,143.500000,468.500000,0,0,24,103
420419,50.00,137.500000,606.000000,0,0,24,128
420419,58.98,114.000000,720.000000,0,0,24,151
600416,10.00,76.500000,76.500000,0,0,24,26
600416,20.00,123.500000,200.000000,0,0,24,52
600416,30.00,136.000000,336.000000,0,0,24,77
600416,40.00,135.500000,471.500000,0,0,24,103
600416,50.00,131.000000,602.500000,0,0,24,128
600416,57.42,117.500000,720.000000,0,0,24,147
770271,10.00,90.000000,90.000000,0,0,24,27
770271,20.00,140.500000,230.500000,0,0,24,52
770271,30.00,139.000000,369.500000,0,0,24,77
770271,40.00,116.000000,485.500000,0,0,24,103
770271,50.00,167.000000,652.500000,0,0,24,128
770271,53.91,67.500000,720.000000,0,0,24,138
964397,10.00,77.500000,77.500000,0,0,24,26
964397,20.00,118.000000,195.500000,0,0,24,52
964397,30.00,126.000000,321.500000,0,0,24,77
964397,40.00,156.000000,477.500000,0,0,24,103
964397,50.00,121.500000,599.000000,0,0,24,129
964397,59.77,121.000000,720.000000,0,0,24,153
260486,10.00,65.500000,65.500000,0,0,24,26
260486,20.00,112.000000,177.500000,0,0,24,52
260486,30.00,106.000000,283.500000,0,0,24,77
260486,40.00,173.000000,456.500000,0,0,24,103
260486,50.00,126.000000,582.500000,0,0,24,128
260486,56.64,137.500000,720.000000,0,0,24,145
418062,10.00,91.500000,91.500000,0,0,24,27
418062,20.00,186.000000,277.500000,0,0,24,52
418062,30.00,119.000000,396.500000,0,0,24,77
418062,40.00,141.000000,537.500000,0,0,24,103
418062,50.00,107.500000,645.000000,0,0,24,128
418062,54.30,75.000000,720.000000,0,0,24,139
601555,10.00,59.500000,59.500000,0,0,24,26
601555,20.00,134.000000,193.500000,0,0,24,52
601555,30.00,111.000000,304.500000,0,0,24,77
601555,40.00,115.500000,420.000000,0,0,24,103
601555,50.00,145.500000,565.500000,0,0,24,128
601555,60.00,138.000000,703.500000,0,0,24,154
601555,62.11,16.500000,720.000000,0,0,24,159
103167,10.00,70.500000,70.500000,0,0,24,26
103167,20.00,162.000000,232.500000,0,0,24,52
103167,30.00,120.500000,353.000000,0,0,24,77
103167,40.00,134.000000,487.000000,0,0,24,103
103167,50.00,114.500000,601.500000,0,0,24,128
103167,58.20,118.500000,720.000000,0,0,24,149
382288,10.00,56.500000,56.500000,0,0,24,26
382288,20.00,175.500000,232.000000,0,0,24,52
382288,30.00,140.500000,372.500000,0,0,24,77
382288,40.00,179.000000,551.500000,0,0,24,103
382288,50.00,127.000000,678.500000,0,0,24,128
382288,51.17,41.500000,720.000000,0,0,24,131
630671,10.00,80.500000,80.500000,0,0,24,26
630671,20.00,109.000000,189.500000,0,0,24,52
630671,30.00,124.500000,314.000000,0,0,24,77
630671,40.00,127.500000,441.500000,0,0,24,103
630671,50.00,156.000000,597.500000,0,0,24,128
630671,58.98,122.500000,720.000000,0,0,24,151
536700,10.00,74.000000,74.000000,0,0,24,26
536700,20.00,123.000000,197.000000,0,0,24,52
536700,30.00,123.000000,320.000000,0,0,24,77
536700,40.00,130.500000,450.500000,0,0,24,103
536700,50.00,125.000000,575.500000,0,0,24,128
536700,59.38,144.500000,720.000000,0,0,24,152
903096,10.00,86.500000,86.500000,0,0,24,26
903096,20.00,132.500000,219.000000,0,0,24,52
903096,30.00,153.000000,372.000000,0,0,24,77
903096,40.00,111.000000,483.000000,0,0,24,103
903096,50.00,133.000000,616.000000,0,0,24,128
903096,57.42,104.000000,720.000000,0,0,24,147
188509,10.00,70.500000,70.500000,0,0,24,26
188509,20.00,159.500000,230.000000,0,0,24,52
188509,30.00,123.500000,353.500000,0,0,24,77
188509,40.00,123.000000,476.500000,0,0,24,103
188509,50.00,120.500000,597.000000,0,0,24,128
188509,55.86,123.000000,720.000000,0,0,24,143
604199,10.00,68.000000,68.000000,0,0,24,26
604199,20.00,155.500000,223.500000,0,0,24,52
604199,30.00,98.000000,321.500000,0,0,24,77
604199,40.00,140.500000,462.000000,0,0,24,103
604199,50.00,129.500000,591.500000,0,0,24,128
604199,59.38,128.500000,720.000000,0,0,24,152
697818,10.00,69.500000,69.500000,0,0,24,26
697818,20.00,134.500000,204.000000,0,0,24,52
697818,30.00,139.500000,343.500000,0,0,24,77
697818,40.00,133.000000,476.500000,0,0,24,103
697818,50.00,134.500000,611.000000,0,0,24,128
697818,58.20,109.000000,720.000000,0,0,24,149
993755,10.00,61.000000,61.000000,0,0,24,27
993755,20.00,147.000000,208.000000,0,0,24,52
993755,30.00,117.000000,325.000000,0,0,24,77
993755,40.00,165.000000,490.000000,0,0,24,103
993755,50.00,154.500000,644.500000,0,0,24,128
993755,53.52,75.500000,720.000000,0,0,24,137
234510,10.00,87.000000,87.000000,0,0,24,26
234510,20.00,119.500000,206.500000,0,0,24,52
234510,30.00,115.500000,322.000000,0,0,24,77
234510,40.00,153.000000,475.000000,0,0,24,103
234510,50.00,159.000000,634.000000,0,0,24,128
234510,55.08,86.000000,720.000000,0,0,24,141
384156,10.00,70.000000,70.000000,0,0,24,26
384156,20.00,137.000000,207.000000,0,0,24,52
384156,30.00,105.000000,312.000000,0,0,24,77
384156,40.00,157.000000,469.000000,0,0,24,103
384156,50.00,172.000000,641.000000,0,0,24,128
384156,57.03,79.000000,720.000000,0,0,24,146
626772,10.00,76.000000,76.000000,0,0,24,26
626772,20.00,107.500000,183.500000,0,0,24,52
626772,30.00,119.500000,303.000000,0,0,24,77
626772,40.00,129.500000,432.500000,0,0,24,103
626772,50.00,133.000000,565.500000,0,0,24,128
626772,59.38,154.500000,720.000000,0,0,24,152
926927,10.00,70.000000,70.000000,0,0,24,26
926927,20.00,148.500000,218.500000,0,0,24,52
926927,30.00,116.000000,334.500000,0,0,24,77
926927,40.00,142.000000,476.500000,0,0,24,103
926927,50.00,123.500000,600.000000,0,0,24,129
926927,58.59,120.000000,720.000000,0,0,24,150
235519,10.00,97.000000,97.000000,0,0,24,27
235519,20.00,137.000000,234.000000,0,0,24,52
235519,30.00,131.500000,365.500000,0,0,24,77
235519,40.00,136.000000,501.500000,0,0,24,103
235519,50.00,127.500000,629.000000,0,0,24,128
235519,54.30,91.000000,720.000000,0,0,24,139
606791,10.00,77.500000,77.500000,0,0,24,26
606791,20.00,114.500000,192.000000,0,0,24,52
606791,30.00,116.500000,308.500000,0,0,24,77
606791,40.00,141.000000,449.500000,0,0,24,103
606791,50.00,125.500000,575.000000,0,0,24,128
606791,59.77,145.000000,720.000000,0,0,24,153
928425,10.00,84.000000,84.000000,0,0,24,26
928425,20.00,113.000000,197.000000,0,0,24,52
928425,30.00,144.500000,341.500000,0,0,24,77
928425,40.00,126.500000,468.000000,0,0,24,103
928425,50.00,111.000000,579.000000,0,0,24,128
928425,60.00,130.000000,709.000000,0,0,24,154
928425,61.33,11.000000,720.000000,0,0,24,157
13950,10.00,80.500000,80.500000,0,0,24,26
13950,20.00,114.500000,195.000000,0,0,24,52
13950,30.00,119.000000,314.000000,0,0,24,77
13950,40.00,153.000000,467.000000,0,0,24,103
13950,50.00,140.000000,607.000000,0,0,24,128
13950,56.64,113.000000,720.000000,0,0,24,145
163153,10.00,76.000000,76.000000,0,0,24,26
163153,20.00,121.500000,197.500000,0,0,24,52
163153,30.00,137.500000,335.000000,0,0,24,77
163153,40.00,179.000000,514.000000,0,0,24,103
163153,50.00,185.500000,699.500000,0,0,24,128
163153,53.12,20.500000,720.000000,0,0,24,136
405665,10.00,73.000000,73.000000,0,0,24,26
405665,20.00,128.000000,201.000000,0,0,24,52
405665,30.00,130.000000,331.000000,0,0,24,77
405665,40.00,124.000000,455.000000,0,0,24,103
405665,50.00,153.000000,608.000000,0,0,24,128
405665,57.81,112.000000,720.000000,0,0,24,148
578125,10.00,110.500000,110.500000,0,0,24,26
578125,20.00,105.500000,216.000000,0,0,24,52
578125,30.00,127.500000,343.500000,0,0,24,77
578125,40.00,120.000000,463.500000,0,0,24,103
578125,50.00,132.500000,596.000000,0,0,24,128
578125,58.20,124.000000,720.000000,0,0,24,149
795613,10.00,78.500000,78.500000,0,0,24,26
795613,20.00,120.500000,199.000000,0,0,24,52
795613,30.00,113.000000,312.000000,0,0,24,77
795613,40.00,152.500000,464.500000,0,0,24,103
795613,50.00,140.500000,605.000000,0,0,24,128
795613,57.42,115.000000,720.000000,0,0,24,147
108875,10.00,60.500000,60.500000,0,0,24,26
108875,20.00,106.000000,166.500000,0,0,24,52
108875,30.00,135.500000,302.000000,0,0,24,77
108875,40.00,119.000000,421.000000,0,0,24,103
108875,50.00,118.000000,539.000000,0,0,24,128
108875,60.00,169.500000,708.500000,0,0,24,154
108875,60.55,11.500000,720.000000,0,0,24,155
373837,10.00,61.000000,61.000000,0,0,24,26
373837,20.00,130.000000,191.000000,0,0,24,52
373837,30.00,155.500000,346.500000,0,0,24,77
373837,40.00,131.000000,477.500000,0,0,24,103
373837,50.00,153.000000,630.500000,0,0,24,128
373837,56.25,89.500000,720.000000,0,0,24,144
659741,10.00,70.500000,70.500000,0,0,24,26
659741,20.00,145.500000,216.000000,0,0,24,52
659741,30.00,104.000000,320.000000,0,0,24,77
659741,40.00,134.500000,454.500000,0,0,24,103
659741,50.00,131.500000,586.000000,0,0,24,128
659741,58.59,134.000000,720.000000,0,0,24,150
