random_seed,milestone_percent,time_interval,cumulative_time,food_distribution,algorithm_mode,num_robots,total_food
454039,10.00,464.500000,464.500000,1,0,24,27
454039,16.02,255.500000,720.000000,1,0,24,41
930757,10.00,211.500000,211.500000,1,0,24,26
930757,20.00,242.000000,453.500000,1,0,24,52
930757,30.00,262.000000,715.500000,1,0,24,77
930757,30.47,4.500000,720.000000,1,0,24,78
297276,10.00,223.000000,223.000000,1,0,24,26
297276,20.00,257.500000,480.500000,1,0,24,52
297276,29.69,239.500000,720.000000,1,0,24,76
643238,10.00,445.000000,445.000000,1,0,24,26
643238,15.23,275.000000,720.000000,1,0,24,39
871059,10.00,189.000000,189.000000,1,0,24,26
871059,20.00,268.000000,457.000000,1,0,24,52
871059,30.00,254.500000,711.500000,1,0,24,77
871059,30.08,8.500000,720.000000,1,0,24,77
85809,10.00,287.500000,287.500000,1,0,24,26
85809,12.50,432.500000,720.000000,1,0,24,32
527378,10.00,211.500000,211.500000,1,0,24,26
527378,20.00,223.500000,435.000000,1,0,24,52
527378,30.00,184.000000,619.000000,1,0,24,77
527378,33.59,101.000000,720.000000,1,0,24,86
671583,10.00,168.500000,168.500000,1,0,24,26
671583,20.00,177.000000,345.500000,1,0,24,52
671583,30.00,183.000000,528.500000,1,0,24,77
671583,40.00,174.500000,703.000000,1,0,24,103
671583,41.02,17.000000,720.000000,1,0,24,105
963009,10.00,244.500000,244.500000,1,0,24,26
963009,19.92,475.500000,720.000000,1,0,24,51
201212,10.00,128.000000,128.000000,1,0,24,26
201212,20.00,176.500000,304.500000,1,0,24,52
201212,30.00,138.500000,443.000000,1,0,24,77
201212,40.00,185.000000,628.000000,1,0,24,103
201212,44.53,92.000000,720.000000,1,0,24,114
432451,10.00,154.500000,154.500000,1,0,24,26
432451,20.00,533.500000,688.000000,1,0,24,52
432451,21.09,32.000000,720.000000,1,0,24,54
889227,10.00,184.500000,184.500000,1,0,24,26
889227,20.00,157.500000,342.000000,1,0,24,52
889227,30.00,182.000000,524.000000,1,0,24,77
889227,40.00,168.500000,692.500000,1,0,24,103
889227,41.41,27.500000,720.000000,1,0,24,106
186656,10.00,153.500000,153.500000,1,0,24,26
186656,20.00,249.500000,403.000000,1,0,24,52
186656,30.00,203.500000,606.500000,1,0,24,77
186656,35.55,113.500000,720.000000,1,0,24,91
548080,10.00,200.000000,200.000000,1,0,24,26
548080,20.00,275.500000,475.500000,1,0,24,52
548080,22.27,244.500000,720.000000,1,0,24,57
765095,10.00,142.000000,142.000000,1,0,24,27
765095,20.00,133.000000,275.000000,1,0,24,52
765095,30.00,183.500000,458.500000,1,0,24,77
765095,40.00,173.500000,632.000000,1,0,24,103
765095,45.31,88.000000,720.000000,1,0,24,116
941365,10.00,112.000000,112.000000,1,0,24,26
941365,20.00,164.000000,276.000000,1,0,24,52
941365,30.00,209.500000,485.500000,1,0,24,77
941365,40.00,209.000000,694.500000,1,0,24,103
941365,41.41,25.500000,720.000000,1,0,24,106
998781,10.00,191.000000,191.000000,1,0,24,26
998781,20.00,180.000000,371.000000,1,0,24,52
998781,30.00,158.500000,529.500000,1,0,24,77
998781,40.00,183.500000,713.000000,1,0,24,103
998781,40.62,7.000000,720.000000,1,0,24,104
242907,10.00,132.000000,132.000000,1,0,24,27
242907,20.00,146.000000,278.000000,1,0,24,52
242907,30.00,191.500000,469.500000,1,0,24,77
242907,40.00,144.500000,614.000000,1,0,24,103
242907,45.31,106.000000,720.000000,1,0,24,116
490610,10.00,112.000000,112.000000,1,0,24,26
490610,20.00,135.500000,247.500000,1,0,24,52
490610,30.00,148.000000,395.500000,1,0,24,77
490610,40.00,171.000000,566.500000,1,0,24,103
490610,48.44,153.500000,720.000000,1,0,24,124
829043,10.00,181.000000,181.000000,1,0,24,26
829043,20.00,240.000000,421.000000,1,0,24,52
829043,30.00,198.500000,619.500000,1,0,24,77
829043,34.38,100.500000,720.000000,1,0,24,88
132343,10.00,173.000000,173.000000,1,0,24,26
132343,20.00,157.000000,330.000000,1,0,24,52
132343,30.00,182.500000,512.500000,1,0,24,77
132343,40.00,173.500000,686.000000,1,0,24,103
132343,42.97,34.000000,720.000000,1,0,24,110
341283,10.00,157.000000,157.000000,1,0,24,26
341283,19.92,563.000000,720.000000,1,0,24,51
478801,10.00,174.000000,174.000000,1,0,24,26
478801,20.00,168.000000,342.000000,1,0,24,52
478801,30.00,170.500000,512.500000,1,0,24,77
478801,39.06,207.500000,720.000000,1,0,24,100
596520,10.00,184.000000,184.000000,1,0,24,26
596520,20.00,144.000000,328.000000,1,0,24,52
596520,30.00,169.000000,497.000000,1,0,24,77
596520,39.84,223.000000,720.000000,1,0,24,102
948089,10.00,184.500000,184.500000,1,0,24,26
948089,19.92,535.500000,720.000000,1,0,24,51
300612,10.00,154.000000,154.000000,1,0,24,26
300612,20.00,181.500000,335.500000,1,0,24,52
300612,30.00,200.500000,536.000000,1,0,24,77
300612,40.00,173.500000,709.500000,1,0,24,103
300612,41.41,10.500000,720.000000,1,0,24,106
394434,10.00,200.000000,200.000000,1,0,24,26
394434,20.00,180.500000,380.500000,1,0,24,52
394434,30.00,225.500000,606.000000,1,0,24,77
394434,32.81,114.000000,720.000000,1,0,24,84
733884,10.00,226.500000,226.500000,1,0,24,26
733884,20.00,201.000000,427.500000,1,0,24,52
733884,30.00,197.000000,624.500000,1,0,24,77
733884,33.98,95.500000,720.000000,1,0,24,87
856900,10.00,121.500000,121.500000,1,0,24,26
856900,20.00,196.000000,317.500000,1,0,24,52
856900,30.00,130.500000,448.000000,1,0,24,79
856900,40.00,194.000000,642.000000,1,0,24,103
856900,44.92,78.000000,720.000000,1,0,24,115
41859,10.00,159.500000,159.500000,1,0,24,26
41859,20.00,506.000000,665.500000,1,0,24,52
41859,22.27,54.500000,720.000000,1,0,24,57
264987,10.00,200.000000,200.000000,1,0,24,26
264987,20.00,182.500000,382.500000,1,0,24,52
264987,30.00,187.500000,570.000000,1,0,24,78
264987,37.50,150.000000,720.000000,1,0,24,96
445176,10.00,163.500000,163.500000,1,0,24,26
445176,20.00,162.000000,325.500000,1,0,24,52
445176,30.00,176.000000,501.500000,1,0,24,77
445176,40.00,197.000000,698.500000,1,0,24,103
445176,41.02,21.500000,720.000000,1,0,24,105
563368,10.00,243.000000,243.000000,1,0,24,26
563368,20.00,203.000000,446.000000,1,0,24,53
563368,30.00,242.000000,688.000000,1,0,24,77
563368,31.25,32.000000,720.000000,1,0,24,80
664251,10.00,159.000000,159.000000,1,0,24,26
664251,17.58,561.000000,720.000000,1,0,24,45
2882,10.00,196.500000,196.500000,1,0,24,26
2882,20.00,466.000000,662.500000,1,0,24,52
2882,21.48,57.500000,720.000000,1,0,24,55
230042,10.00,217.000000,217.000000,1,0,24,26
230042,16.41,503.000000,720.000000,1,0,24,42
434661,10.00,226.500000,226.500000,1,0,24,26
434661,20.00,213.000000,439.500000,1,0,24,52
434661,30.00,213.000000,652.500000,1,0,24,77
434661,33.20,67.500000,720.000000,1,0,24,85
630161,10.00,211.000000,211.000000,1,0,24,26
630161,20.00,201.000000,412.000000,1,0,24,52
630161,30.00,220.500000,632.500000,1,0,24,77
630161,35.16,87.500000,720.000000,1,0,24,90
959335,10.00,468.000000,468.000000,1,0,24,26
959335,17.97,252.000000,720.000000,1,0,24,46
112578,10.00,166.500000,166.500000,1,0,24,26
112578,20.00,538.500000,705.000000,1,0,24,52
112578,20.31,15.000000,720.000000,1,0,24,52
381888,10.00,129.500000,129.500000,1,0,24,26
381888,20.00,146.000000,275.500000,1,0,24,52
381888,30.00,149.500000,425.000000,1,0,24,77
381888,40.00,200.000000,625.000000,1,0,24,103
381888,44.92,95.000000,720.000000,1,0,24,115
442064,10.00,139.500000,139.500000,1,0,24,26
442064,20.00,194.500000,334.000000,1,0,24,52
442064,30.00,185.000000,519.000000,1,0,24,77
442064,39.45,201.000000,720.000000,1,0,24,101
787458,10.00,127.500000,127.500000,1,0,24,27
787458,20.00,159.500000,287.000000,1,0,24,53
787458,30.00,161.000000,448.000000,1,0,24,77
787458,40.00,154.500000,602.500000,1,0,24,103
787458,45.70,117.500000,720.000000,1,0,24,117
25934,10.00,159.000000,159.000000,1,0,24,26
25934,20.00,167.000000,326.000000,1,0,24,52
25934,30.00,176.500000,502.500000,1,0,24,77
25934,40.00,153.000000,655.500000,1,0,24,103
25934,43.75,64.500000,720.000000,1,0,24,112
255993,10.00,188.000000,188.000000,1,0,24,26
255993,20.00,249.500000,437.500000,1,0,24,52
255993,30.00,197.000000,634.500000,1,0,24,77
255993,35.94,85.500000,720.000000,1,0,24,92
733807,10.00,194.500000,194.500000,1,0,24,26
733807,20.00,213.000000,407.500000,1,0,24,52
733807,30.00,188.000000,595.500000,1,0,24,77
733807,33.59,124.500000,720.000000,1,0,24,86
812832,10.00,190.000000,190.000000,1,0,24,26
812832,20.00,174.000000,364.000000,1,0,24,52
812832,30.00,249.000000,613.000000,1,0,24,77
812832,30.86,107.000000,720.000000,1,0,24,79
72734,10.00,217.000000,217.000000,1,0,24,26
72734,20.00,163.000000,380.000000,1,0,24,52
72734,25.39,340.000000,720.000000,1,0,24,65
361261,10.00,206.000000,206.000000,1,0,24,26
361261,18.75,514.000000,720.000000,1,0,24,48
756976,10.00,193.000000,193.000000,1,0,24,26
756976,20.00,171.500000,364.500000,1,0,24,52
756976,30.00,167.500000,532.000000,1,0,24,77
756976,40.00,185.000000,717.000000,1,0,24,103
756976,40.62,3.000000,720.000000,1,0,24,104
