random_seed,milestone_percent,time_interval,cumulative_time,food_distribution,algorithm_mode,num_robots,total_food
733078,10.00,176.000000,176.000000,1,0,24,26
733078,20.00,284.500000,460.500000,1,0,24,52
733078,28.91,259.500000,720.000000,1,0,24,74
37389,10.00,339.000000,339.000000,1,0,24,26
37389,17.19,381.000000,720.000000,1,0,24,44
93621,10.00,219.000000,219.000000,1,0,24,26
93621,16.02,501.000000,720.000000,1,0,24,41
401053,10.00,234.000000,234.000000,1,0,24,26
401053,20.00,239.500000,473.500000,1,0,24,52
401053,30.00,195.000000,668.500000,1,0,24,77
401053,32.42,51.500000,720.000000,1,0,24,83
596656,10.00,186.000000,186.000000,1,0,24,26
596656,20.00,214.500000,400.500000,1,0,24,52
596656,30.00,272.000000,672.500000,1,0,24,77
596656,31.64,47.500000,720.000000,1,0,24,81
950076,10.00,158.500000,158.500000,1,0,24,26
950076,20.00,192.500000,351.000000,1,0,24,52
950076,30.00,182.000000,533.000000,1,0,24,77
950076,37.89,187.000000,720.000000,1,0,24,97
204615,10.00,155.000000,155.000000,1,0,24,26
204615,20.00,283.500000,438.500000,1,0,24,52
204615,30.00,180.000000,618.500000,1,0,24,77
204615,31.25,101.500000,720.000000,1,0,24,80
372737,10.00,280.500000,280.500000,1,0,24,26
372737,20.00,267.000000,547.500000,1,0,24,52
372737,27.34,172.500000,720.000000,1,0,24,70
672132,10.00,212.000000,212.000000,1,0,24,26
672132,20.00,190.000000,402.000000,1,0,24,52
672132,30.00,269.500000,671.500000,1,0,24,77
672132,31.64,48.500000,720.000000,1,0,24,81
938208,10.00,261.000000,261.000000,1,0,24,26
938208,20.00,247.500000,508.500000,1,0,24,52
938208,29.69,211.500000,720.000000,1,0,24,76
168161,10.00,198.500000,198.500000,1,0,24,26
168161,20.00,237.500000,436.000000,1,0,24,52
168161,29.69,284.000000,720.000000,1,0,24,76
504224,10.00,200.500000,200.500000,1,0,24,26
504224,18.36,519.500000,720.000000,1,0,24,47
860261,10.00,383.000000,383.000000,1,0,24,26
860261,16.02,337.000000,720.000000,1,0,24,41
51760,10.00,180.000000,180.000000,1,0,24,26
51760,20.00,510.000000,690.000000,1,0,24,52
51760,21.09,30.000000,720.000000,1,0,24,54
419664,10.00,235.000000,235.000000,1,0,24,26
419664,20.00,181.000000,416.000000,1,0,24,52
419664,30.00,221.000000,637.000000,1,0,24,77
419664,32.42,83.000000,720.000000,1,0,24,83
715771,10.00,187.500000,187.500000,1,0,24,26
715771,20.00,222.500000,410.000000,1,0,24,52
715771,30.00,155.500000,565.500000,1,0,24,77
715771,35.55,154.500000,720.000000,1,0,24,91
950169,10.00,236.500000,236.500000,1,0,24,26
950169,20.00,207.000000,443.500000,1,0,24,52
950169,30.00,196.000000,639.500000,1,0,24,77
950169,33.98,80.500000,720.000000,1,0,24,87
268529,10.00,141.500000,141.500000,1,0,24,26
268529,20.00,227.000000,368.500000,1,0,24,52
268529,30.00,165.000000,533.500000,1,0,24,77
268529,39.84,186.500000,720.000000,1,0,24,102
599610,10.00,207.500000,207.500000,1,0,24,26
599610,20.00,218.000000,425.500000,1,0,24,52
599610,29.69,294.500000,720.000000,1,0,24,76
913079,10.00,219.000000,219.000000,1,0,24,26
913079,20.00,220.500000,439.500000,1,0,24,52
913079,30.00,212.500000,652.000000,1,0,24,77
913079,35.94,68.000000,720.000000,1,0,24,92
121647,10.00,175.000000,175.000000,1,0,24,26
121647,20.00,512.500000,687.500000,1,0,24,52
121647,20.70,32.500000,720.000000,1,0,24,53
325355,10.00,216.500000,216.500000,1,0,24,26
325355,20.00,222.000000,438.500000,1,0,24,52
325355,30.00,198.000000,636.500000,1,0,24,77
325355,34.77,83.500000,720.000000,1,0,24,89
458296,10.00,172.500000,172.500000,1,0,24,26
458296,20.00,264.500000,437.000000,1,0,24,52
458296,30.00,204.000000,641.000000,1,0,24,77
458296,32.81,79.000000,720.000000,1,0,24,84
745672,10.00,299.500000,299.500000,1,0,24,26
745672,20.00,206.500000,506.000000,1,0,24,52
745672,30.00,199.000000,705.000000,1,0,24,77
745672,30.86,15.000000,720.000000,1,0,24,79
83984,10.00,230.500000,230.500000,1,0,24,26
83984,20.00,265.500000,496.000000,1,0,24,52
83984,30.00,207.500000,703.500000,1,0,24,77
83984,30.08,16.500000,720.000000,1,0,24,77
296266,10.00,219.500000,219.500000,1,0,24,26
296266,20.00,301.500000,521.000000,1,0,24,52
296266,24.61,199.000000,720.000000,1,0,24,63
434755,10.00,202.500000,202.500000,1,0,24,26
434755,20.00,199.500000,402.000000,1,0,24,52
434755,26.17,318.000000,720.000000,1,0,24,67
795671,10.00,163.500000,163.500000,1,0,24,26
795671,20.00,530.000000,693.500000,1,0,24,52
795671,20.70,26.500000,720.000000,1,0,24,53
256781,10.00,249.000000,249.000000,1,0,24,26
256781,20.00,322.500000,571.500000,1,0,24,53
256781,25.78,148.500000,720.000000,1,0,24,66
569252,10.00,153.000000,153.000000,1,0,24,26
569252,20.00,218.000000,371.000000,1,0,24,52
569252,30.00,214.500000,585.500000,1,0,24,77
569252,36.33,134.500000,720.000000,1,0,24,93
931274,10.00,188.000000,188.000000,1,0,24,26
931274,16.41,532.000000,720.000000,1,0,24,42
254854,10.00,227.500000,227.500000,1,0,24,26
254854,20.00,230.500000,458.000000,1,0,24,52
254854,30.00,214.000000,672.000000,1,0,24,77
254854,32.81,48.000000,720.000000,1,0,24,84
551708,10.00,279.000000,279.000000,1,0,24,26
551708,20.00,244.500000,523.500000,1,0,24,52
551708,29.69,196.500000,720.000000,1,0,24,76
654712,10.00,143.000000,143.000000,1,0,24,26
654712,20.00,255.000000,398.000000,1,0,24,52
654712,30.00,209.000000,607.000000,1,0,24,77
654712,37.50,113.000000,720.000000,1,0,24,96
871819,10.00,199.500000,199.500000,1,0,24,26
871819,18.75,520.500000,720.000000,1,0,24,48
125763,10.00,301.000000,301.000000,1,0,24,26
125763,17.58,419.000000,720.000000,1,0,24,45
411419,10.00,267.000000,267.000000,1,0,24,26
411419,20.00,197.000000,464.000000,1,0,24,53
411419,30.00,222.500000,686.500000,1,0,24,79
411419,31.64,33.500000,720.000000,1,0,24,81
876213,10.00,255.000000,255.000000,1,0,24,26
876213,20.00,227.500000,482.500000,1,0,24,52
876213,30.00,213.000000,695.500000,1,0,24,77
876213,30.86,24.500000,720.000000,1,0,24,79
123182,10.00,142.500000,142.500000,1,0,24,26
123182,20.00,222.500000,365.000000,1,0,24,52
123182,30.00,189.500000,554.500000,1,0,24,77
123182,38.28,165.500000,720.000000,1,0,24,98
365027,10.00,269.500000,269.500000,1,0,24,26
365027,16.02,450.500000,720.000000,1,0,24,41
660531,10.00,194.000000,194.000000,1,0,24,27
660531,20.00,230.500000,424.500000,1,0,24,52
660531,28.91,295.500000,720.000000,1,0,24,74
173134,10.00,203.500000,203.500000,1,0,24,26
173134,20.00,194.000000,397.500000,1,0,24,52
173134,30.00,233.000000,630.500000,1,0,24,77
173134,32.81,89.500000,720.000000,1,0,24,84
455743,10.00,193.000000,193.000000,1,0,24,26
455743,20.00,217.500000,410.500000,1,0,24,52
455743,30.00,230.500000,641.000000,1,0,24,77
455743,33.59,79.000000,720.000000,1,0,24,86
708685,10.00,181.500000,181.500000,1,0,24,26
708685,20.00,318.500000,500.000000,1,0,24,52
708685,28.12,220.000000,720.000000,1,0,24,72
59099,10.00,234.000000,234.000000,1,0,24,26
59099,20.00,237.500000,471.500000,1,0,24,52
59099,26.95,248.500000,720.000000,1,0,24,69
364296,10.00,183.500000,183.500000,1,0,24,26
364296,20.00,265.000000,448.500000,1,0,24,52
364296,24.61,271.500000,720.000000,1,0,24,63
558277,10.00,213.000000,213.000000,1,0,24,26
558277,17.97,507.000000,720.000000,1,0,24,46
34075,10.00,307.000000,307.000000,1,0,24,26
34075,14.84,413.000000,720.000000,1,0,24,38
337253,10.00,221.000000,221.000000,1,0,24,26
337253,20.00,274.500000,495.500000,1,0,24,52
337253,30.00,206.500000,702.000000,1,0,24,77
337253,30.08,18.000000,720.000000,1,0,24,77
599246,10.00,211.000000,211.000000,1,0,24,26
599246,20.00,265.000000,476.000000,1,0,24,52
599246,30.00,223.500000,699.500000,1,0,24,77
599246,30.86,20.500000,720.000000,1,0,24,79
