tags_collected, collisions_in_seconds, time_in_minutes, random_seed
70, 1621.23, 12, 948153
46, 2341.14, 12, 451107
91, 373.641, 12, 105537
79, 1061.09, 12, 915019
93, 491.859, 12, 804404
92, 432.266, 12, 563418
73, 344.703, 12, 285779
98, 390.672, 12, 105049
62, 1866.45, 12, 851202
80, 1008.03, 12, 970126
93, 401.375, 12, 840001
40, 2154.16, 12, 633003
37, 2172.08, 12, 799548
89, 454.953, 12, 976478
107, 362.062, 12, 795168
48, 2244.44, 12, 610774
43, 2595.62, 12, 783903
43, 2320.36, 12, 18346
48, 2378.67, 12, 222361
90, 397.922, 12, 374714
97, 918.422, 12, 186515
89, 426.484, 12, 78589
79, 422.344, 12, 945569
99, 508.125, 12, 784688
85, 481.516, 12, 568731
89, 396.359, 12, 446685
54, 1787.3, 12, 240946
90, 412.094, 12, 290301
51, 2028.52, 12, 189432
75, 366.219, 12, 409390
98, 416.688, 12, 168163
94, 470.641, 12, 967778
65, 1288.73, 12, 759069
32, 2731.58, 12, 695272
64, 1804.72, 12, 862496
49, 2209.33, 12, 933618
59, 1768.11, 12, 33613
82, 397.969, 12, 108545
94, 420.266, 12, 898492
38, 2675.45, 12, 759783
84, 414.812, 12, 998932
109, 567.078, 12, 800149
59, 1370.91, 12, 654338
79, 368.844, 12, 655019
51, 2350.03, 12, 455004
93, 412.156, 12, 677199
79, 427.312, 12, 511083
110, 480.453, 12, 407635
97, 503.969, 12, 289969
103, 489.672, 12, 180003
64, 1944.52, 12, 12173
57, 2092.72, 12, 252708
49, 2221.38, 12, 525339
45, 2365.33, 12, 767714
93, 320.391, 12, 948014
106, 371.469, 12, 761494
50, 1725.25, 12, 618148
96, 670.703, 12, 716563
91, 471.906, 12, 673634
50, 2080.44, 12, 480234
56, 2235.72, 12, 666127
79, 1114.48, 12, 880558
80, 1246.77, 12, 766605
85, 335.656, 12, 723600
90, 374.906, 12, 507207
43, 2217.03, 12, 296203
89, 366.5, 12, 546349
46, 2260.31, 12, 380364
93, 370, 12, 643456
109, 370.969, 12, 456775
51, 2425, 12, 327276
115, 422.203, 12, 516432
89, 497.812, 12, 314138
52, 1949.03, 12, 159342
44, 2353.17, 12, 315405
70, 1458.19, 12, 572147
110, 526.109, 12, 550663
69, 1494.94, 12, 398141
96, 478, 12, 289870
103, 430.859, 12, 95475
98, 409.984, 12, 906582
85, 427.781, 12, 704650
117, 464.484, 12, 514057
98, 406.922, 12, 324982
99, 392.266, 12, 130681
116, 487.297, 12, 954919
42, 2181.3, 12, 734822
95, 389.781, 12, 885508
56, 2391.27, 12, 735134
76, 1939.86, 12, 921269
111, 368.016, 12, 67171
113, 407.469, 12, 821754
63, 2306.28, 12, 644542
101, 545.625, 12, 717149
69, 1135.77, 12, 629905
85, 1145.88, 12, 547750
90, 1415.47, 12, 519386
56, 1365.58, 12, 523289
56, 2508.75, 12, 500227
82, 373.672, 12, 726429
96, 402.969, 12, 537483
97, 348.859, 12, 880834
73, 302.516, 12, 688306
94, 531.172, 12, 358337
92, 440.812, 12, 7501
98, 476.781, 12, 144351
102, 515.594, 12, 162833
95, 552.75, 12, 244611
106, 753.375, 12, 340364
83, 530.391, 12, 596901
97, 526.25, 12, 613403
108, 447.453, 12, 592780
95, 468.203, 12, 531776
81, 550.906, 12, 586673
80, 601.922, 12, 778414
91, 438.969, 12, 762095
81, 648.016, 12, 837628
73, 550.859, 12, 860599
91, 678.938, 12, 960529
98, 474.219, 12, 77430
108, 492.531, 12, 135756
124, 542.203, 12, 95458
92, 495.625, 12, 89222
87, 517.844, 12, 181335
107, 474.359, 12, 217813
104, 662.422, 12, 294322
101, 579.578, 12, 484269
97, 678.719, 12, 698424
85, 452.562, 12, 875460
80, 451.078, 12, 980733
97, 572, 12, 21276
94, 581, 12, 47490
116, 665.531, 12, 127414
95, 537.266, 12, 297841
88, 591.297, 12, 480459
100, 520.391, 12, 477083
111, 619.906, 12, 545815
79, 430.062, 12, 634545
96, 572.609, 12, 551980
103, 569.734, 12, 616132
73, 439.328, 12, 713753
116, 601.219, 12, 710709
70, 472.766, 12, 890433
97, 542.641, 12, 22576
111, 587.672, 12, 99930
101, 530.062, 12, 179040
106, 596.953, 12, 361700
102, 557.078, 12, 458670
95, 508.484, 12, 560715
81, 453.141, 12, 607629
89, 409.406, 12, 655717
88, 502.469, 12, 907943
99, 431.5, 12, 516
71, 453.531, 12, 986997
97, 545.594, 12, 291119
50, 2062.28, 12, 496166
50, 1650.45, 12, 138512
60, 1051.59, 12, 285599
82, 1111.48, 12, 381104
62, 1310.42, 12, 545223
83, 884.969, 12, 686125
87, 1375.83, 12, 770392
67, 1840.09, 12, 4518
53, 1667.5, 12, 417350
67, 1548.67, 12, 820068
46, 2102.8, 12, 139068
48, 1494.36, 12, 731986
74, 1463.2, 12, 85477
66, 1564.53, 12, 408195
59, 1021.31, 12, 753169
103, 543.5, 12, 811168
83, 607.625, 12, 814069
84, 529.953, 12, 765528
52, 1749.77, 12, 801597
48, 2045.38, 12, 145502
76, 793.672, 12, 527336
74, 1193.14, 12, 590014
74, 1428.64, 12, 669455
57, 1429.3, 12, 839900
51, 1502.86, 12, 38854
63, 1943.7, 12, 210136
71, 1032.16, 12, 628909
97, 575.922, 12, 716380
64, 1744.72, 12, 758463
113, 730.75, 12, 54566
82, 477.641, 12, 152766
77, 618.844, 12, 133498
90, 1586.2, 12, 178128
51, 2138.28, 12, 644865
58, 1606.02, 12, 83237
84, 1276.83, 12, 295840
53, 1530.94, 12, 674933
77, 1335.67, 12, 822305
108, 523.641, 12, 22783
84, 1288.97, 12, 987194
67, 1953.23, 12, 264523
67, 489.547, 12, 640612
75, 671.609, 12, 623016
88, 748.156, 12, 668831
72, 502.688, 12, 756351
49, 2560.17, 12, 693478
59, 1926.97, 12, 307352
74, 873.828, 12, 625316
64, 966.625, 12, 675937
69, 1398.55, 12, 738156
76, 1079.56, 12, 61655
38, 1940.91, 12, 467516
18, 2162.91, 12, 746283
65, 1732.78, 12, 470507
58, 1360.19, 12, 586305
55, 1160.42, 12, 577690
105, 1152, 12, 396545
89, 279.578, 12, 516029
65, 313.141, 12, 935672
75, 360.984, 12, 295295
88, 281.578, 12, 650761
118, 352.656, 12, 900423
57, 306.266, 12, 392028
65, 289.828, 12, 674799
95, 300.797, 12, 995247
75, 252.703, 12, 380932
89, 309.625, 12, 576806
85, 327.766, 12, 820983
93, 338.828, 12, 94042
101, 406.75, 12, 380119
86, 319.828, 12, 745836
81, 582.891, 12, 118110
90, 317.172, 12, 568594
78, 358.219, 12, 792253
109, 388.266, 12, 112646
88, 340.406, 12, 493913
74, 315.719, 12, 804847
79, 335.5, 12, 127392
66, 292.297, 12, 426956
82, 370.438, 12, 673140
85, 325.297, 12, 992080
60, 300.031, 12, 245964
93, 334.938, 12, 495702
69, 302.234, 12, 612379
80, 372.297, 12, 516217
84, 294.812, 12, 452136
75, 277.375, 12, 359930
78, 295.547, 12, 200832
83, 304.281, 12, 117357
92, 290.312, 12, 87351
92, 368.875, 12, 3303
78, 323.219, 12, 944890
77, 274.453, 12, 858261
83, 312.672, 12, 819239
58, 296.609, 12, 768184
81, 312.328, 12, 689633
67, 313.203, 12, 595100
98, 384.031, 12, 493121
80, 284.203, 12, 415800
76, 334.312, 12, 329194
97, 305.375, 12, 320333
72, 301.625, 12, 314414
68, 325.266, 12, 188357
87, 308.219, 12, 124699
61, 310.234, 12, 57778
95, 365.812, 12, 3801
85, 326.656, 12, 917046
