random_seed,milestone_percent,time_interval,cumulative_time,food_distribution,algorithm_mode,num_robots,total_food
337913,10.00,77.000000,77.000000,2,0,24,26
337913,20.00,115.500000,192.500000,2,0,24,52
337913,30.00,113.500000,306.000000,2,0,24,77
337913,40.00,138.000000,444.000000,2,0,24,103
337913,50.00,136.000000,580.000000,2,0,24,128
337913,59.77,140.000000,720.000000,2,0,24,153
176491,10.00,59.500000,59.500000,2,0,24,26
176491,20.00,110.000000,169.500000,2,0,24,52
176491,30.00,105.500000,275.000000,2,0,24,77
176491,40.00,116.000000,391.000000,2,0,24,103
176491,50.00,111.000000,502.000000,2,0,24,128
176491,60.00,167.000000,669.000000,2,0,24,154
176491,63.67,51.000000,720.000000,2,0,24,163
7603,10.00,76.000000,76.000000,2,0,24,26
7603,20.00,99.000000,175.000000,2,0,24,52
7603,30.00,102.500000,277.500000,2,0,24,77
7603,40.00,118.000000,395.500000,2,0,24,104
7603,50.00,119.500000,515.000000,2,0,24,128
7603,60.00,181.000000,696.000000,2,0,24,154
7603,61.72,24.000000,720.000000,2,0,24,158
878161,10.00,74.000000,74.000000,2,0,24,27
878161,20.00,97.000000,171.000000,2,0,24,52
878161,30.00,118.000000,289.000000,2,0,24,77
878161,40.00,117.500000,406.500000,2,0,24,103
878161,50.00,161.500000,568.000000,2,0,24,128
878161,59.38,152.000000,720.000000,2,0,24,152
163905,10.00,83.000000,83.000000,2,0,24,26
163905,20.00,104.500000,187.500000,2,0,24,52
163905,30.00,124.500000,312.000000,2,0,24,77
163905,40.00,89.000000,401.000000,2,0,24,103
163905,50.00,136.500000,537.500000,2,0,24,128
163905,60.00,181.500000,719.000000,2,0,24,154
163905,60.16,1.000000,720.000000,2,0,24,154
997775,10.00,73.000000,73.000000,2,0,24,26
997775,20.00,105.500000,178.500000,2,0,24,52
997775,30.00,107.000000,285.500000,2,0,24,77
997775,40.00,131.000000,416.500000,2,0,24,103
997775,50.00,153.000000,569.500000,2,0,24,128
997775,57.42,150.500000,720.000000,2,0,24,147
90007,10.00,56.000000,56.000000,2,0,24,26
90007,20.00,113.500000,169.500000,2,0,24,52
90007,30.00,123.500000,293.000000,2,0,24,77
90007,40.00,158.500000,451.500000,2,0,24,104
90007,50.00,166.500000,618.000000,2,0,24,128
90007,55.47,102.000000,720.000000,2,0,24,142
942412,10.00,68.000000,68.000000,2,0,24,27
942412,20.00,85.500000,153.500000,2,0,24,52
942412,30.00,104.000000,257.500000,2,0,24,77
942412,40.00,122.500000,380.000000,2,0,24,103
942412,50.00,152.000000,532.000000,2,0,24,128
942412,58.98,188.000000,720.000000,2,0,24,151
844303,10.00,70.500000,70.500000,2,0,24,27
844303,20.00,95.500000,166.000000,2,0,24,52
844303,30.00,123.000000,289.000000,2,0,24,77
844303,40.00,143.000000,432.000000,2,0,24,103
844303,50.00,181.500000,613.500000,2,0,24,128
844303,55.08,106.500000,720.000000,2,0,24,141
906547,10.00,99.000000,99.000000,2,0,24,26
906547,20.00,475.500000,574.500000,2,0,24,52
906547,26.56,145.500000,720.000000,2,0,24,68
375579,10.00,73.500000,73.500000,2,0,24,26
375579,20.00,69.500000,143.000000,2,0,24,52
375579,30.00,90.000000,233.000000,2,0,24,77
375579,40.00,97.500000,330.500000,2,0,24,103
375579,50.00,129.500000,460.000000,2,0,24,128
375579,60.00,190.000000,650.000000,2,0,24,154
375579,63.28,70.000000,720.000000,2,0,24,162
313097,10.00,83.500000,83.500000,2,0,24,26
313097,20.00,88.500000,172.000000,2,0,24,52
313097,30.00,141.500000,313.500000,2,0,24,77
313097,40.00,100.000000,413.500000,2,0,24,103
313097,50.00,214.500000,628.000000,2,0,24,128
313097,57.03,92.000000,720.000000,2,0,24,146
225899,10.00,78.500000,78.500000,2,0,24,26
225899,20.00,87.000000,165.500000,2,0,24,52
225899,30.00,101.000000,266.500000,2,0,24,77
225899,40.00,111.500000,378.000000,2,0,24,104
225899,50.00,107.000000,485.000000,2,0,24,128
225899,60.00,149.000000,634.000000,2,0,24,154
225899,64.45,86.000000,720.000000,2,0,24,165
110270,10.00,66.500000,66.500000,2,0,24,26
110270,20.00,139.500000,206.000000,2,0,24,52
110270,30.00,401.500000,607.500000,2,0,24,77
110270,34.38,112.500000,720.000000,2,0,24,88
390691,10.00,69.500000,69.500000,2,0,24,26
390691,20.00,106.000000,175.500000,2,0,24,52
390691,30.00,109.000000,284.500000,2,0,24,77
390691,40.00,124.500000,409.000000,2,0,24,103
390691,50.00,112.500000,521.500000,2,0,24,128
390691,60.00,170.500000,692.000000,2,0,24,154
390691,62.89,28.000000,720.000000,2,0,24,161
654257,10.00,72.500000,72.500000,2,0,24,26
654257,20.00,107.000000,179.500000,2,0,24,53
654257,30.00,113.500000,293.000000,2,0,24,77
654257,40.00,112.000000,405.000000,2,0,24,103
654257,50.00,156.500000,561.500000,2,0,24,128
654257,60.00,150.000000,711.500000,2,0,24,154
654257,60.55,8.500000,720.000000,2,0,24,155
601978,10.00,82.500000,82.500000,2,0,24,26
601978,20.00,95.500000,178.000000,2,0,24,52
601978,30.00,105.000000,283.000000,2,0,24,77
601978,40.00,141.500000,424.500000,2,0,24,103
601978,50.00,180.500000,605.000000,2,0,24,128
601978,56.25,115.000000,720.000000,2,0,24,144
856363,10.00,80.000000,80.000000,2,0,24,26
856363,20.00,513.000000,593.000000,2,0,24,52
856363,22.66,127.000000,720.000000,2,0,24,58
940401,10.00,77.000000,77.000000,2,0,24,26
940401,20.00,107.000000,184.000000,2,0,24,52
940401,30.00,114.000000,298.000000,2,0,24,77
940401,40.00,136.000000,434.000000,2,0,24,103
940401,50.00,123.000000,557.000000,2,0,24,128
940401,57.81,163.000000,720.000000,2,0,24,148
288261,10.00,83.500000,83.500000,2,0,24,26
288261,20.00,127.500000,211.000000,2,0,24,52
288261,30.00,132.500000,343.500000,2,0,24,77
288261,40.00,121.500000,465.000000,2,0,24,103
288261,50.00,121.000000,586.000000,2,0,24,128
288261,56.25,134.000000,720.000000,2,0,24,144
571176,10.00,75.500000,75.500000,2,0,24,26
571176,20.00,89.500000,165.000000,2,0,24,52
571176,30.00,115.500000,280.500000,2,0,24,78
571176,40.00,137.000000,417.500000,2,0,24,103
571176,50.00,171.500000,589.000000,2,0,24,128
571176,57.42,131.000000,720.000000,2,0,24,147
880065,10.00,63.500000,63.500000,2,0,24,26
880065,20.00,92.000000,155.500000,2,0,24,52
880065,30.00,92.000000,247.500000,2,0,24,77
880065,40.00,119.000000,366.500000,2,0,24,103
880065,50.00,171.000000,537.500000,2,0,24,128
880065,59.77,182.500000,720.000000,2,0,24,153
156467,10.00,73.500000,73.500000,2,0,24,26
156467,20.00,124.500000,198.000000,2,0,24,52
156467,30.00,148.500000,346.500000,2,0,24,77
156467,40.00,150.500000,497.000000,2,0,24,103
156467,50.00,149.500000,646.500000,2,0,24,128
156467,54.30,73.500000,720.000000,2,0,24,139
592755,10.00,74.000000,74.000000,2,0,24,26
592755,20.00,114.500000,188.500000,2,0,24,52
592755,30.00,138.500000,327.000000,2,0,24,77
592755,40.00,160.500000,487.500000,2,0,24,103
592755,50.00,156.000000,643.500000,2,0,24,128
592755,53.12,76.500000,720.000000,2,0,24,136
693971,10.00,66.500000,66.500000,2,0,24,26
693971,20.00,110.500000,177.000000,2,0,24,52
693971,30.00,100.000000,277.000000,2,0,24,77
693971,40.00,119.500000,396.500000,2,0,24,103
693971,50.00,167.500000,564.000000,2,0,24,128
693971,58.20,156.000000,720.000000,2,0,24,149
696103,10.00,82.000000,82.000000,2,0,24,26
696103,20.00,112.500000,194.500000,2,0,24,52
696103,30.00,98.500000,293.000000,2,0,24,77
696103,40.00,109.500000,402.500000,2,0,24,103
696103,50.00,162.500000,565.000000,2,0,24,128
696103,57.81,155.000000,720.000000,2,0,24,148
946004,10.00,70.000000,70.000000,2,0,24,26
946004,20.00,90.000000,160.000000,2,0,24,52
946004,30.00,104.000000,264.000000,2,0,24,77
946004,40.00,137.000000,401.000000,2,0,24,103
946004,50.00,142.000000,543.000000,2,0,24,128
946004,58.98,177.000000,720.000000,2,0,24,151
110503,10.00,70.500000,70.500000,2,0,24,26
110503,20.00,112.000000,182.500000,2,0,24,52
110503,30.00,118.000000,300.500000,2,0,24,77
110503,40.00,112.500000,413.000000,2,0,24,103
110503,50.00,137.000000,550.000000,2,0,24,128
110503,59.38,170.000000,720.000000,2,0,24,152
456174,10.00,78.000000,78.000000,2,0,24,27
456174,20.00,92.500000,170.500000,2,0,24,52
456174,30.00,84.500000,255.000000,2,0,24,77
456174,39.06,465.000000,720.000000,2,0,24,100
779730,10.00,69.000000,69.000000,2,0,24,26
779730,20.00,123.000000,192.000000,2,0,24,52
779730,30.00,128.500000,320.500000,2,0,24,77
779730,40.00,156.500000,477.000000,2,0,24,103
779730,50.00,143.500000,620.500000,2,0,24,128
779730,53.91,99.500000,720.000000,2,0,24,138
866500,10.00,58.500000,58.500000,2,0,24,26
866500,20.00,136.500000,195.000000,2,0,24,52
866500,30.00,121.500000,316.500000,2,0,24,77
866500,40.00,142.500000,459.000000,2,0,24,103
866500,50.00,173.500000,632.500000,2,0,24,128
866500,55.08,87.500000,720.000000,2,0,24,141
308686,10.00,69.500000,69.500000,2,0,24,26
308686,20.00,122.000000,191.500000,2,0,24,52
308686,30.00,106.500000,298.000000,2,0,24,77
308686,40.00,137.500000,435.500000,2,0,24,103
308686,50.00,145.500000,581.000000,2,0,24,129
308686,58.59,139.000000,720.000000,2,0,24,150
606437,10.00,76.000000,76.000000,2,0,24,26
606437,20.00,85.000000,161.000000,2,0,24,52
606437,30.00,89.000000,250.000000,2,0,24,77
606437,40.00,108.500000,358.500000,2,0,24,103
606437,50.00,149.500000,508.000000,2,0,24,128
606437,60.00,159.000000,667.000000,2,0,24,154
606437,64.06,53.000000,720.000000,2,0,24,164
815021,10.00,82.500000,82.500000,2,0,24,26
815021,20.00,87.500000,170.000000,2,0,24,52
815021,30.00,97.500000,267.500000,2,0,24,77
815021,40.00,136.500000,404.000000,2,0,24,103
815021,50.00,151.500000,555.500000,2,0,24,128
815021,58.59,164.500000,720.000000,2,0,24,150
365569,10.00,80.000000,80.000000,2,0,24,26
365569,20.00,81.500000,161.500000,2,0,24,52
365569,30.00,95.500000,257.000000,2,0,24,77
365569,40.00,124.500000,381.500000,2,0,24,103
365569,50.00,133.000000,514.500000,2,0,24,128
365569,60.00,199.000000,713.500000,2,0,24,154
365569,60.94,6.500000,720.000000,2,0,24,156
720985,10.00,64.000000,64.000000,2,0,24,26
720985,20.00,91.000000,155.000000,2,0,24,52
720985,30.00,98.000000,253.000000,2,0,24,77
720985,40.00,128.000000,381.000000,2,0,24,103
720985,50.00,157.000000,538.000000,2,0,24,128
720985,60.00,144.000000,682.000000,2,0,24,154
720985,62.50,38.000000,720.000000,2,0,24,160
182949,10.00,85.000000,85.000000,2,0,24,26
182949,20.00,101.500000,186.500000,2,0,24,52
182949,30.00,119.000000,305.500000,2,0,24,77
182949,40.00,121.000000,426.500000,2,0,24,103
182949,50.00,155.000000,581.500000,2,0,24,129
182949,57.42,138.500000,720.000000,2,0,24,147
567320,10.00,74.000000,74.000000,2,0,24,26
567320,20.00,408.500000,482.500000,2,0,24,52
567320,28.12,237.500000,720.000000,2,0,24,72
119914,10.00,70.000000,70.000000,2,0,24,26
119914,20.00,110.500000,180.500000,2,0,24,52
119914,30.00,91.000000,271.500000,2,0,24,77
119914,40.00,275.000000,546.500000,2,0,24,103
119914,41.80,173.500000,720.000000,2,0,24,107
711110,10.00,76.000000,76.000000,2,0,24,26
711110,20.00,93.500000,169.500000,2,0,24,52
711110,30.00,119.500000,289.000000,2,0,24,77
711110,40.00,143.500000,432.500000,2,0,24,103
711110,50.00,139.000000,571.500000,2,0,24,128
711110,55.08,148.500000,720.000000,2,0,24,141
169781,10.00,58.000000,58.000000,2,0,24,27
169781,20.00,134.500000,192.500000,2,0,24,52
169781,30.00,81.500000,274.000000,2,0,24,77
169781,40.00,137.500000,411.500000,2,0,24,103
169781,50.00,126.000000,537.500000,2,0,24,128
169781,58.98,182.500000,720.000000,2,0,24,151
586791,10.00,88.000000,88.000000,2,0,24,26
586791,20.00,113.500000,201.500000,2,0,24,52
586791,30.00,132.000000,333.500000,2,0,24,77
586791,40.00,327.500000,661.000000,2,0,24,103
586791,41.80,59.000000,720.000000,2,0,24,107
67829,10.00,55.500000,55.500000,2,0,24,26
67829,20.00,100.000000,155.500000,2,0,24,52
67829,30.00,107.500000,263.000000,2,0,24,77
67829,40.00,148.000000,411.000000,2,0,24,103
67829,50.00,105.000000,516.000000,2,0,24,128
67829,60.00,156.500000,672.500000,2,0,24,155
67829,63.67,47.500000,720.000000,2,0,24,163
374643,10.00,52.500000,52.500000,2,0,24,26
374643,20.00,97.500000,150.000000,2,0,24,52
374643,30.00,111.000000,261.000000,2,0,24,77
374643,40.00,120.500000,381.500000,2,0,24,103
374643,50.00,154.000000,535.500000,2,0,24,128
374643,60.00,136.500000,672.000000,2,0,24,154
374643,61.72,48.000000,720.000000,2,0,24,158
832206,10.00,83.500000,83.500000,2,0,24,26
832206,20.00,93.500000,177.000000,2,0,24,52
832206,30.00,123.000000,300.000000,2,0,24,77
832206,40.00,124.000000,424.000000,2,0,24,103
832206,50.00,139.000000,563.000000,2,0,24,129
832206,60.00,144.500000,707.500000,2,0,24,154
832206,60.55,12.500000,720.000000,2,0,24,155
170205,10.00,60.500000,60.500000,2,0,24,27
170205,20.00,112.500000,173.000000,2,0,24,53
170205,30.00,118.500000,291.500000,2,0,24,77
170205,40.00,122.500000,414.000000,2,0,24,103
170205,50.00,183.000000,597.000000,2,0,24,128
170205,56.64,123.000000,720.000000,2,0,24,145
794943,10.00,64.500000,64.500000,2,0,24,26
794943,20.00,94.500000,159.000000,2,0,24,52
794943,30.00,103.500000,262.500000,2,0,24,77
794943,40.00,123.500000,386.000000,2,0,24,103
794943,50.00,148.000000,534.000000,2,0,24,128
794943,60.00,186.000000,720.000000,2,0,24,154
794943,60.16,0.000000,720.000000,2,0,24,154
931486,10.00,69.000000,69.000000,2,0,24,26
931486,20.00,104.500000,173.500000,2,0,24,52
931486,30.00,131.000000,304.500000,2,0,24,77
931486,40.00,109.500000,414.000000,2,0,24,103
931486,50.00,151.000000,565.000000,2,0,24,128
931486,55.86,155.000000,720.000000,2,0,24,143
632291,10.00,78.000000,78.000000,2,0,24,26
632291,20.00,112.500000,190.500000,2,0,24,52
632291,30.00,108.000000,298.500000,2,0,24,77
632291,40.00,139.500000,438.000000,2,0,24,103
632291,50.00,150.000000,588.000000,2,0,24,128
632291,57.42,132.000000,720.000000,2,0,24,147
379230,10.00,67.500000,67.500000,2,0,24,27
379230,20.00,92.500000,160.000000,2,0,24,52
379230,30.00,111.000000,271.000000,2,0,24,77
379230,40.00,117.000000,388.000000,2,0,24,103
379230,50.00,135.500000,523.500000,2,0,24,128
379230,60.00,180.500000,704.000000,2,0,24,154
379230,62.50,16.000000,720.000000,2,0,24,160
